-123.3550235600141
15.09936928277779
-74.15370428095343
25.0012532507509
-351.2267099636072
6.685968152405646
-284.8874178028131
-0.9111371903617186
-79.19881303420593
26.440186135257317
-447.4083810815172
-87.14089515000298
-1335.305989409131
-1424.552421827112
321.90429458973955
-19.200449945580612
-1021.6260972391998
-102.62666372530019
-5255.029919284291
-933.9011875229784
-5518.90883654053
1.1982745705842064
-1933.1840955271803
-275.4098811423376
-3714.8715268727356
7251.130255058517
2053.4073399177614
36.68521392499309
-2023.7689566649772
-261.5021924548592
-7485.595940807468
-1988.9872602593211
-1034.981243630843
-36.143508770647266
-2827.938361797661
-307.1068217573275
-10745.844997297956
-7193.267819876795
-7047.348728103373
3.7298860597414256
-5469.6884204206
-640.2239719014988
558.273048456763
9866.301190121878
7087.116084226885
13.873303317932677
-4229.6335300503115
-509.8235349428547
2305.6906649011066
3946.5027870688045
2365.5483756475014
-41.933639292560365
-5928.341374447714
-735.9737703530172
-4694.163728169841
-7044.915336293498
-2846.2812763118372
26.764066953512124
-7594.06106268211
-971.6262164852568
-2342.0802274239077
3768.870392167792
3197.435989121903
-32.61673342901424
-7248.871498427135
-1045.0615825927846
-7182.268027883141
1994.676483093857
-9992.366716038085
-65.99520863031331
-12616.968346860169
-1712.168645048779
-5829.167669478284
-3726.034936350156
-13198.535721540444
-33.65781455315372
-14079.74238146294
-1975.170100083182
6971.6542099001645
-5577.535779494461
-10191.932992363729
-83.79644033279702
-14734.631022701378
-2044.1931084897085
3273.0327516492143
5887.045553506737
-5514.646166433466
-60.68500712864659
-15919.439942867946
-2159.907817369939
-5089.436483696225
10897.53368789035
-6617.259129768064
-97.43400312679003
-17329.013972918965
-2374.308486252171
2873.1203783318965
-1399.0110062790786
-915.679404731048
-87.71393259977013
-15896.633033994663
-2132.9371568087513
-3481.5761094261293
-3055.7476188476494
521.6836330218725
-79.37786744366129
-16683.61313264248
-2137.3832897568623
-3679.1756347473497
-10535.033936329733
-10406.351655962182
-82.97524946087844
-22035.021263931063
-2904.3944409635683
-8073.842631754938
5551.3548642690685
-10515.307325182488
-137.06032574065927
-24037.192727684574
-3183.104655309958
