-0.0013874287139565818
0.00016982930975135966
-0.0008340396328941216
0.0002812001947218319
-0.0039504027355232035
7.520005207354822e-05
-0.0032130454821664906
-1.0276077672029368e-05
-0.0008932278946367395
0.00029820032511344814
-0.005046005501416698
-0.00098280107150066
-0.015480932168542792
-0.0165156148386614
0.0037320124292346693
-0.00022260131053898952
-0.011844269731742586
-0.0011898070048485618
-0.05438108975432636
-0.00966437205504549
-0.05711181123526902
1.240021046010363e-05
-0.020005339536642984
-0.0028500483718786555
-0.046420426002636975
0.09060893573452436
0.02565904171554667
0.00045841242316921424
-0.025288685333994528
-0.0032676885557323837
-0.08611919117044275
-0.02288261020983864
-0.011907101088928472
-0.0004158185622097826
-0.03253445234336425
-0.003533157720748345
-0.10776352555971096
-0.07213689577320875
-0.07067356219823824
3.7404752426153924e-05
-0.05485216919152131
-0.006420415739971597
0.008226573677829247
0.14538737611023705
0.10443399120087843
0.00020443356922806061
-0.06232683444303995
-0.007512633619861322
0.030028986734981594
0.051398690052613806
0.030808565031997838
-0.0005461377439890913
-0.07720987346816036
-0.009585217533147734
-0.05702247012040397
-0.08557828348718324
-0.034575272280934106
0.00032511716602440547
-0.09224904479591815
-0.011802853523247859
-0.03321807141285386
0.05345444804447362
0.04534970910945498
-0.0004626079703045585
-0.10281182014085241
-0.014822263505285944
-0.07911905691171363
0.021973131826002554
-0.1100747880501952
-0.0007269957967665989
-0.1389871044652082
-0.018861057251575743
-0.06053260651016284
-0.03869276360434323
-0.1370593221268315
-0.00034951735133747407
-0.14621015446238475
-0.020511023397903932
0.07358888465250334
-0.05887334981984223
-0.10758034732933748
-0.0008845083815522289
-0.15553052834820624
-0.021577359739740388
0.03946643209767722
0.0709863607311398
-0.06649594580457416
-0.0007317435830677181
-0.1919575950535995
-0.026044302541280796
-0.06202594295660264
0.1328103425709413
-0.08064581189428006
-0.001187446967721395
-0.2111920318922673
-0.028936154955744763
0.039181669675045175
-0.019078764514421344
-0.012487415506496884
-0.0011961832017002808
-0.21678751408425642
-0.029087552246673205
-0.05110471637490499
-0.04485414377462536
0.0076575933614753825
-0.001165157180154756
-0.2448923391173174
-0.03137382707554549
-0.04245268406057324
-0.12155996659755429
-0.12007514805803031
-0.0009574215530626103
-0.254254183233608
-0.03351276259416156
-0.09441435884678868
0.0649167483373454
-0.12296449713787028
-0.0016027638100401767
-0.2810874875037959
-0.03722276973684269
