88909.08939619537
0.0
0.0
0.0
0.0
0.0
0.0
88909.08939619537
0.0
0.0
0.0
0.0
0.0
0.0
88909.08939619537
0.0
0.0
0.0
0.0
0.0
0.0
88909.08939619537
0.0
0.0
0.0
0.0
0.0
0.0
88909.08939619537
0.0
0.0
0.0
0.0
0.0
0.0
88909.08939619537
88665.85281286444
0.0
0.0
0.0
0.0
0.0
0.0
88665.85281286444
0.0
0.0
0.0
0.0
0.0
0.0
88665.85281286444
0.0
0.0
0.0
0.0
0.0
0.0
88665.85281286444
0.0
0.0
0.0
0.0
0.0
0.0
88665.85281286444
0.0
0.0
0.0
0.0
0.0
0.0
88665.85281286444
86254.88277265814
0.0
0.0
0.0
0.0
0.0
0.0
86254.88277265814
0.0
0.0
0.0
0.0
0.0
0.0
86254.88277265814
0.0
0.0
0.0
0.0
0.0
0.0
86254.88277265814
0.0
0.0
0.0
0.0
0.0
0.0
86254.88277265814
0.0
0.0
0.0
0.0
0.0
0.0
86254.88277265814
96633.40589577318
0.0
0.0
0.0
0.0
0.0
0.0
96633.40589577318
0.0
0.0
0.0
0.0
0.0
0.0
96633.40589577318
0.0
0.0
0.0
0.0
0.0
0.0
96633.40589577318
0.0
0.0
0.0
0.0
0.0
0.0
96633.40589577318
0.0
0.0
0.0
0.0
0.0
0.0
96633.40589577318
80026.6573740988
0.0
0.0
0.0
0.0
0.0
0.0
80026.6573740988
0.0
0.0
0.0
0.0
0.0
0.0
80026.6573740988
0.0
0.0
0.0
0.0
0.0
0.0
80026.6573740988
0.0
0.0
0.0
0.0
0.0
0.0
80026.6573740988
0.0
0.0
0.0
0.0
0.0
0.0
80026.6573740988
86921.34516210626
0.0
0.0
0.0
0.0
0.0
0.0
86921.34516210626
0.0
0.0
0.0
0.0
0.0
0.0
86921.34516210626
0.0
0.0
0.0
0.0
0.0
0.0
86921.34516210626
0.0
0.0
0.0
0.0
0.0
0.0
86921.34516210626
0.0
0.0
0.0
0.0
0.0
0.0
86921.34516210626
99716.90274130614
0.0
0.0
0.0
0.0
0.0
0.0
99716.90274130614
0.0
0.0
0.0
0.0
0.0
0.0
99716.90274130614
0.0
0.0
0.0
0.0
0.0
0.0
99716.90274130614
0.0
0.0
0.0
0.0
0.0
0.0
99716.90274130614
0.0
0.0
0.0
0.0
0.0
0.0
99716.90274130614
67862.15869692121
0.0
0.0
0.0
0.0
0.0
0.0
67862.15869692121
0.0
0.0
0.0
0.0
0.0
0.0
67862.15869692121
0.0
0.0
0.0
0.0
0.0
0.0
67862.15869692121
0.0
0.0
0.0
0.0
0.0
0.0
67862.15869692121
0.0
0.0
0.0
0.0
0.0
0.0
67862.15869692121
76782.16668613543
0.0
0.0
0.0
0.0
0.0
0.0
76782.16668613543
0.0
0.0
0.0
0.0
0.0
0.0
76782.16668613543
0.0
0.0
0.0
0.0
0.0
0.0
76782.16668613543
0.0
0.0
0.0
0.0
0.0
0.0
76782.16668613543
0.0
0.0
0.0
0.0
0.0
0.0
76782.16668613543
82321.29752110054
0.0
0.0
0.0
0.0
0.0
0.0
82321.29752110054
0.0
0.0
0.0
0.0
0.0
0.0
82321.29752110054
0.0
0.0
0.0
0.0
0.0
0.0
82321.29752110054
0.0
0.0
0.0
0.0
0.0
0.0
82321.29752110054
0.0
0.0
0.0
0.0
0.0
0.0
82321.29752110054
70506.20724831216
0.0
0.0
0.0
0.0
0.0
0.0
70506.20724831216
0.0
0.0
0.0
0.0
0.0
0.0
70506.20724831216
0.0
0.0
0.0
0.0
0.0
0.0
70506.20724831216
0.0
0.0
0.0
0.0
0.0
0.0
70506.20724831216
0.0
0.0
0.0
0.0
0.0
0.0
70506.20724831216
90777.97825494305
0.0
0.0
0.0
0.0
0.0
0.0
90777.97825494305
0.0
0.0
0.0
0.0
0.0
0.0
90777.97825494305
0.0
0.0
0.0
0.0
0.0
0.0
90777.97825494305
0.0
0.0
0.0
0.0
0.0
0.0
90777.97825494305
0.0
0.0
0.0
0.0
0.0
0.0
90777.97825494305
96297.97898261035
0.0
0.0
0.0
0.0
0.0
0.0
96297.97898261035
0.0
0.0
0.0
0.0
0.0
0.0
96297.97898261035
0.0
0.0
0.0
0.0
0.0
0.0
96297.97898261035
0.0
0.0
0.0
0.0
0.0
0.0
96297.97898261035
0.0
0.0
0.0
0.0
0.0
0.0
96297.97898261035
94737.87030230528
0.0
0.0
0.0
0.0
0.0
0.0
94737.87030230528
0.0
0.0
0.0
0.0
0.0
0.0
94737.87030230528
0.0
0.0
0.0
0.0
0.0
0.0
94737.87030230528
0.0
0.0
0.0
0.0
0.0
0.0
94737.87030230528
0.0
0.0
0.0
0.0
0.0
0.0
94737.87030230528
82932.06600355057
0.0
0.0
0.0
0.0
0.0
0.0
82932.06600355057
0.0
0.0
0.0
0.0
0.0
0.0
82932.06600355057
0.0
0.0
0.0
0.0
0.0
0.0
82932.06600355057
0.0
0.0
0.0
0.0
0.0
0.0
82932.06600355057
0.0
0.0
0.0
0.0
0.0
0.0
82932.06600355057
82053.35124460944
0.0
0.0
0.0
0.0
0.0
0.0
82053.35124460944
0.0
0.0
0.0
0.0
0.0
0.0
82053.35124460944
0.0
0.0
0.0
0.0
0.0
0.0
82053.35124460944
0.0
0.0
0.0
0.0
0.0
0.0
82053.35124460944
0.0
0.0
0.0
0.0
0.0
0.0
82053.35124460944
73328.17621505773
0.0
0.0
0.0
0.0
0.0
0.0
73328.17621505773
0.0
0.0
0.0
0.0
0.0
0.0
73328.17621505773
0.0
0.0
0.0
0.0
0.0
0.0
73328.17621505773
0.0
0.0
0.0
0.0
0.0
0.0
73328.17621505773
0.0
0.0
0.0
0.0
0.0
0.0
73328.17621505773
68126.31702884784
0.0
0.0
0.0
0.0
0.0
0.0
68126.31702884784
0.0
0.0
0.0
0.0
0.0
0.0
68126.31702884784
0.0
0.0
0.0
0.0
0.0
0.0
68126.31702884784
0.0
0.0
0.0
0.0
0.0
0.0
68126.31702884784
0.0
0.0
0.0
0.0
0.0
0.0
68126.31702884784
86665.32437613957
0.0
0.0
0.0
0.0
0.0
0.0
86665.32437613957
0.0
0.0
0.0
0.0
0.0
0.0
86665.32437613957
0.0
0.0
0.0
0.0
0.0
0.0
86665.32437613957
0.0
0.0
0.0
0.0
0.0
0.0
86665.32437613957
0.0
0.0
0.0
0.0
0.0
0.0
86665.32437613957
85514.9866013156
0.0
0.0
0.0
0.0
0.0
0.0
85514.9866013156
0.0
0.0
0.0
0.0
0.0
0.0
85514.9866013156
0.0
0.0
0.0
0.0
0.0
0.0
85514.9866013156
0.0
0.0
0.0
0.0
0.0
0.0
85514.9866013156
0.0
0.0
0.0
0.0
0.0
0.0
85514.9866013156
