0.04531114889308796
-0.051854821890219706
0.9685729607166985
0.16583503123353216
0.07305534531864469
1.0631652011325732
0.048662532520145206
-0.14505241787874568
0.8943351696983298
0.13180483427681508
-0.052670395612743705
0.9461349329079806
0.404485947346476
-0.057323780183436146
1.0522749734874242
0.11890911049267025
0.022824725464142118
1.0085810654188359
0.04531114889308796
-0.051854821890219706
0.9685729607166985
0.04531114889308796
-0.051854821890219706
0.9685729607166985
0.13180483427681508
-0.052670395612743705
0.9461349329079806
0.048662532520145206
-0.14505241787874568
0.8943351696983298
0.13180483427681508
-0.052670395612743705
0.9461349329079806
0.13180483427681508
-0.052670395612743705
0.9461349329079806
0.4044859473464761
-0.057323780183436146
1.0522749734874242
0.04531114889308796
-0.051854821890219706
0.9685729607166985
0.13180483427681508
-0.052670395612743705
0.9461349329079806
0.404485947346476
-0.057323780183436146
1.0522749734874242
0.048662532520145206
-0.14505241787874568
0.8943351696983298
0.04531114889308796
-0.051854821890219706
0.9685729607166985
0.2247346487690945
0.04122916109736621
1.1161808645374747
0.31873995598348814
0.12658950533510757
1.0740238967355527
0.40448594734647614
-0.057323780183436146
1.0522749734874242
0.40448594734647614
-0.057323780183436146
1.0522749734874242
0.31873995598348814
0.12658950533510757
1.0740238967355527
0.31873995598348814
0.12658950533510757
1.0740238967355527
0.2909372111023427
-0.12894991866029953
1.0430765231427688
0.28874204638021134
0.04907485263300551
0.9505717899000947
0.4044859473464761
-0.057323780183436146
1.0522749734874242
0.4044859473464761
-0.057323780183436146
1.0522749734874242
0.2247346487690945
0.04122916109736621
1.1161808645374747
0.404485947346476
-0.057323780183436146
1.0522749734874242
0.2247346487690945
0.04122916109736621
1.1161808645374747
0.09762144448591469
0.05815228845186769
1.1057594611749333
0.09762144448591469
0.05815228845186769
1.1057594611749333
0.09762144448591469
0.05815228845186769
1.1057594611749333
0.1789698994013678
0.019913106683935717
0.9972979556498677
0.4044859473464761
-0.057323780183436146
1.0522749734874242
0.404485947346476
-0.057323780183436146
1.0522749734874242
0.4044859473464761
-0.057323780183436146
1.0522749734874242
0.4044859473464761
-0.057323780183436146
1.0522749734874242
0.31873995598348814
0.12658950533510757
1.0740238967355527
0.31873995598348814
0.12658950533510757
1.0740238967355527
0.40448594734647614
-0.057323780183436146
1.0522749734874242
0.31873995598348814
0.12658950533510757
1.0740238967355527
0.31873995598348814
0.12658950533510757
1.0740238967355527
0.31873995598348814
0.12658950533510757
1.0740238967355527
0.1665581523816118
-0.07010449929419031
1.0542077623238693
0.404485947346476
-0.057323780183436146
1.0522749734874242
0.404485947346476
-0.057323780183436146
1.0522749734874242
0.048662532520145206
-0.14505241787874568
0.8943351696983298
0.11890911049267025
0.022824725464142118
1.0085810654188359
0.404485947346476
-0.057323780183436146
1.0522749734874242
0.048662532520145206
-0.14505241787874568
0.8943351696983299
0.048662532520145206
-0.14505241787874568
0.8943351696983299
0.07133831179976667
-0.08997018348893293
0.9728932878421989
0.048662532520145206
-0.14505241787874568
0.8943351696983299
0.048662532520145206
-0.14505241787874568
0.8943351696983298
0.15106523079746934
0.08714221748017183
1.0249423050568063
0.404485947346476
-0.057323780183436146
1.0522749734874242
0.31873995598348814
0.12658950533510757
1.0740238967355527
0.1789698994013678
0.019913106683935717
0.9972979556498678
0.28874204638021134
0.04907485263300552
0.9505717899000947
0.28874204638021134
0.04907485263300552
0.9505717899000947
0.13180483427681508
-0.05267039561274371
0.9461349329079808
0.2247346487690945
0.04122916109736621
1.1161808645374747
0.09762144448591469
0.0581522884518677
1.1057594611749333
0.13180483427681508
-0.052670395612743705
0.9461349329079806
0.07133831179976667
-0.08997018348893293
0.972893287842199
0.0976214444859147
0.0581522884518677
1.1057594611749333
0.23254232209217143
-0.019829613311351336
1.088365533093285
0.40448594734647614
-0.057323780183436146
1.0522749734874242
0.2247346487690945
0.04122916109736621
1.1161808645374747
0.404485947346476
-0.057323780183436146
1.0522749734874242
0.11890911049267025
0.022824725464142118
1.0085810654188359
0.048662532520145206
-0.14505241787874568
0.8943351696983298
0.048662532520145206
-0.14505241787874568
0.8943351696983299
0.16583503123353216
0.07305534531864469
1.0631652011325732
0.1789698994013678
0.019913106683935717
0.9972979556498677
0.4044859473464761
-0.057323780183436146
1.0522749734874242
0.4044859473464761
-0.057323780183436146
1.0522749734874242
0.16655815238161184
-0.07010449929419033
1.0542077623238693
0.1789698994013678
0.019913106683935717
0.9972979556498677
0.16655815238161184
-0.07010449929419033
1.0542077623238693
0.404485947346476
-0.057323780183436146
1.0522749734874242
0.00826333666515521
0.00031437861154669054
1.0008642244807537
0.048662532520145206
-0.1450524178787457
0.8943351696983298
0.2247346487690945
0.04122916109736621
1.1161808645374747
0.13180483427681508
-0.052670395612743705
0.9461349329079806
0.00826333666515521
0.00031437861154669054
1.0008642244807537
0.15106523079746936
0.08714221748017183
1.0249423050568063
0.31873995598348814
0.12658950533510757
1.0740238967355527
0.00826333666515521
0.00031437861154669054
1.0008642244807537
0.00826333666515521
0.00031437861154669054
1.0008642244807537
0.027260127103063643
0.016319296531600334
0.9960185208537274
0.11890911049267025
0.022824725464142118
1.0085810654188359
0.048662532520145206
-0.1450524178787457
0.8943351696983298
0.07133831179976667
-0.08997018348893293
0.9728932878421989
0.07133831179976667
-0.08997018348893293
0.9728932878421989
0.027260127103063643
0.016319296531600334
0.9960185208537274
0.027260127103063643
0.016319296531600334
0.9960185208537274
0.11890911049267025
0.022824725464142118
1.0085810654188359
0.00826333666515521
0.00031437861154669054
1.0008642244807537
0.027260127103063643
0.016319296531600334
0.9960185208537274
0.00826333666515521
0.00031437861154669054
1.0008642244807537
0.16583503123353216
0.07305534531864469
1.0631652011325732
0.048662532520145206
-0.1450524178787457
0.8943351696983298
0.00826333666515521
0.00031437861154669054
1.0008642244807537
0.2909372111023427
-0.12894991866029953
1.0430765231427688
0.04531114889308796
-0.051854821890219706
0.9685729607166985
0.16583503123353216
0.07305534531864469
1.0631652011325732
0.15106523079746934
0.08714221748017183
1.0249423050568063
0.1789698994013678
0.019913106683935717
0.9972979556498677
0.16655815238161187
-0.07010449929419033
1.0542077623238693
0.16655815238161187
-0.07010449929419033
1.0542077623238693
0.31873995598348814
0.12658950533510757
1.0740238967355527
0.13180483427681508
-0.052670395612743705
0.9461349329079806
0.15106523079746934
0.08714221748017183
1.0249423050568063
0.404485947346476
-0.057323780183436146
1.0522749734874242
0.404485947346476
-0.057323780183436146
1.0522749734874242
0.00826333666515521
0.00031437861154669054
1.0008642244807537
0.404485947346476
-0.057323780183436146
1.0522749734874242
0.404485947346476
-0.057323780183436146
1.0522749734874242
0.16655815238161184
-0.07010449929419033
1.0542077623238693
0.404485947346476
-0.057323780183436146
1.0522749734874242
0.29093721110234283
-0.12894991866029953
1.0430765231427688
0.048662532520145206
-0.14505241787874568
0.8943351696983298
0.09762144448591469
0.0581522884518677
1.1057594611749333
0.15106523079746934
0.08714221748017183
1.0249423050568063
0.0976214444859147
0.0581522884518677
1.1057594611749333
0.404485947346476
-0.057323780183436146
1.0522749734874242
0.31873995598348814
0.12658950533510757
1.0740238967355527
0.404485947346476
-0.057323780183436146
1.0522749734874242
0.15106523079746936
0.08714221748017183
1.0249423050568063
0.048662532520145206
-0.1450524178787457
0.8943351696983298
0.4044859473464761
-0.057323780183436146
1.0522749734874242
0.31873995598348814
0.12658950533510757
1.0740238967355527
0.07133831179976667
-0.08997018348893293
0.9728932878421989
0.31873995598348814
0.12658950533510757
1.0740238967355527
0.0976214444859147
0.0581522884518677
1.1057594611749333
0.1789698994013678
0.019913106683935717
0.9972979556498678
0.28874204638021134
0.04907485263300552
0.9505717899000947
0.31873995598348814
0.12658950533510757
1.0740238967355527
0.16655815238161184
-0.07010449929419033
1.0542077623238693
0.404485947346476
-0.057323780183436146
1.0522749734874242
0.23254232209217143
-0.019829613311351336
1.088365533093285
0.28874204638021134
0.04907485263300552
0.9505717899000947
0.13180483427681508
-0.052670395612743705
0.9461349329079806
0.15106523079746934
0.08714221748017183
1.0249423050568063
0.07133831179976667
-0.08997018348893293
0.9728932878421989
0.04531114889308796
-0.051854821890219706
0.9685729607166985
0.31873995598348814
0.12658950533510757
1.0740238967355527
0.4044859473464761
-0.057323780183436146
1.0522749734874242
0.404485947346476
-0.057323780183436146
1.0522749734874242
0.1789698994013678
0.019913106683935717
0.9972979556498677
0.31873995598348814
0.12658950533510757
1.0740238967355527
0.404485947346476
-0.057323780183436146
1.0522749734874242
0.4044859473464761
-0.057323780183436146
1.0522749734874242
0.16655815238161184
-0.07010449929419033
1.0542077623238693
0.31873995598348814
0.12658950533510757
1.0740238967355527
0.1789698994013678
0.019913106683935717
0.9972979556498678
0.4044859473464761
-0.057323780183436146
1.0522749734874242
0.16583503123353216
0.07305534531864469
1.0631652011325732
0.404485947346476
-0.057323780183436146
1.0522749734874242
0.404485947346476
-0.057323780183436146
1.0522749734874242
0.404485947346476
-0.057323780183436146
1.0522749734874242
0.31873995598348814
0.12658950533510757
1.0740238967355527
0.404485947346476
-0.057323780183436146
1.0522749734874242
0.404485947346476
-0.057323780183436146
1.0522749734874242
0.31873995598348814
0.12658950533510757
1.0740238967355527
0.4044859473464761
-0.057323780183436146
1.0522749734874242
0.404485947346476
-0.057323780183436146
1.0522749734874242
0.404485947346476
-0.057323780183436146
1.0522749734874242
0.404485947346476
-0.057323780183436146
1.0522749734874242
0.16655815238161184
-0.07010449929419033
1.0542077623238693
0.28874204638021134
0.04907485263300552
0.9505717899000947
0.4044859473464761
-0.057323780183436146
1.0522749734874242
0.404485947346476
-0.057323780183436146
1.0522749734874242
0.404485947346476
-0.057323780183436146
1.0522749734874242
0.16655815238161184
-0.07010449929419033
1.0542077623238693
0.027260127103063643
0.016319296531600334
0.9960185208537274
0.09762144448591469
0.05815228845186769
1.1057594611749333
0.404485947346476
-0.057323780183436146
1.0522749734874242
0.404485947346476
-0.057323780183436146
1.0522749734874242
0.31873995598348814
0.12658950533510757
1.0740238967355527
0.404485947346476
-0.057323780183436146
1.0522749734874242
0.404485947346476
-0.057323780183436146
1.0522749734874242
0.4044859473464761
-0.057323780183436146
1.0522749734874242
0.404485947346476
-0.057323780183436146
1.0522749734874242
0.048662532520145206
-0.14505241787874568
0.8943351696983298
0.404485947346476
-0.057323780183436146
1.0522749734874242
0.048662532520145206
-0.14505241787874568
0.8943351696983298
0.404485947346476
-0.057323780183436146
1.0522749734874242
0.29093721110234283
-0.12894991866029953
1.0430765231427688
0.404485947346476
-0.057323780183436146
1.0522749734874242
0.048662532520145206
-0.14505241787874568
0.8943351696983299
0.404485947346476
-0.057323780183436146
1.0522749734874242
0.2909372111023428
-0.12894991866029953
1.0430765231427688
0.404485947346476
-0.057323780183436146
1.0522749734874242
0.404485947346476
-0.057323780183436146
1.0522749734874242
0.09762144448591469
0.0581522884518677
1.1057594611749333
0.2247346487690945
0.04122916109736621
1.1161808645374747
0.04531114889308796
-0.051854821890219706
0.9685729607166985
0.13180483427681508
-0.05267039561274371
0.9461349329079807
0.16655815238161184
-0.07010449929419033
1.0542077623238693
0.09762144448591469
0.05815228845186769
1.1057594611749333
0.404485947346476
-0.057323780183436146
1.0522749734874242
0.31873995598348814
0.12658950533510757
1.0740238967355527
0.16583503123353216
0.07305534531864469
1.0631652011325732
0.027260127103063643
0.016319296531600334
0.9960185208537274
0.404485947346476
-0.057323780183436146
1.0522749734874242
0.404485947346476
-0.057323780183436146
1.0522749734874242
0.31873995598348814
0.12658950533510757
1.0740238967355527
0.31873995598348814
0.12658950533510757
1.0740238967355527
0.2909372111023428
-0.12894991866029953
1.0430765231427688
0.00826333666515521
0.00031437861154669054
1.0008642244807537
0.0976214444859147
0.0581522884518677
1.1057594611749333
0.00826333666515521
0.00031437861154669054
1.0008642244807537
0.1789698994013678
0.019913106683935717
0.9972979556498677
0.40448594734647614
-0.057323780183436146
1.0522749734874242
0.404485947346476
-0.057323780183436146
1.0522749734874242
0.404485947346476
-0.057323780183436146
1.0522749734874242
0.04531114889308796
-0.051854821890219706
0.9685729607166985
0.0754888668113883
0.009862546981420467
1.0558125996680328
0.4044859473464761
-0.057323780183436146
1.0522749734874242
0.09762144448591469
0.05815228845186769
1.1057594611749333
0.31873995598348814
0.12658950533510757
1.0740238967355527
0.0754888668113883
0.009862546981420467
1.0558125996680328
0.048662532520145206
-0.14505241787874568
0.8943351696983298
0.04531114889308796
-0.051854821890219706
0.9685729607166985
0.404485947346476
-0.057323780183436146
1.0522749734874242
0.4044859473464761
-0.057323780183436146
1.0522749734874242
0.04531114889308796
-0.051854821890219706
0.9685729607166985
0.31873995598348814
0.12658950533510757
1.0740238967355527
0.4044859473464761
-0.057323780183436146
1.0522749734874242
0.31873995598348814
0.12658950533510757
1.0740238967355527
0.404485947346476
-0.057323780183436146
1.0522749734874242
0.4044859473464761
-0.057323780183436146
1.0522749734874242
0.4044859473464761
-0.057323780183436146
1.0522749734874242
0.404485947346476
-0.057323780183436146
1.0522749734874242
0.0754888668113883
0.009862546981420467
1.0558125996680328
0.4044859473464761
-0.057323780183436146
1.0522749734874242
0.31873995598348814
0.12658950533510757
1.0740238967355527
0.404485947346476
-0.057323780183436146
1.0522749734874242
0.09762144448591469
0.05815228845186769
1.1057594611749333
0.404485947346476
-0.057323780183436146
1.0522749734874242
0.40448594734647614
-0.057323780183436146
1.0522749734874242
0.31873995598348814
0.12658950533510757
1.0740238967355527
0.28874204638021134
0.04907485263300552
0.9505717899000947
0.00826333666515521
0.00031437861154669054
1.0008642244807537
0.31873995598348814
0.12658950533510757
1.0740238967355527
0.048662532520145206
-0.14505241787874568
0.8943351696983298
0.07133831179976667
-0.08997018348893293
0.9728932878421989
0.09762144448591469
0.05815228845186769
1.1057594611749333
0.16583503123353216
0.07305534531864469
1.0631652011325732
0.31873995598348814
0.12658950533510757
1.0740238967355527
0.404485947346476
-0.057323780183436146
1.0522749734874242
0.4044859473464761
-0.057323780183436146
1.0522749734874242
0.11890911049267025
0.022824725464142118
1.0085810654188359
0.40448594734647614
-0.057323780183436146
1.0522749734874242
0.404485947346476
-0.057323780183436146
1.0522749734874242
0.31873995598348814
0.12658950533510757
1.0740238967355527
0.404485947346476
-0.057323780183436146
1.0522749734874242
0.404485947346476
-0.057323780183436146
1.0522749734874242
0.0754888668113883
0.009862546981420467
1.0558125996680328
0.16655815238161184
-0.07010449929419033
1.0542077623238693
0.29093721110234283
-0.12894991866029953
1.0430765231427688
0.31873995598348814
0.12658950533510757
1.0740238967355527
0.31873995598348814
0.12658950533510757
1.0740238967355527
0.2909372111023427
-0.12894991866029953
1.0430765231427688
0.0976214444859147
0.0581522884518677
1.1057594611749333
0.16655815238161184
-0.07010449929419033
1.0542077623238693
0.23254232209217143
-0.019829613311351336
1.088365533093285
0.09762144448591469
0.0581522884518677
1.1057594611749333
0.16583503123353216
0.07305534531864469
1.0631652011325732
0.13180483427681508
-0.052670395612743705
0.9461349329079806
0.2909372111023427
-0.12894991866029953
1.0430765231427688
0.09762144448591469
0.0581522884518677
1.1057594611749333
0.404485947346476
-0.057323780183436146
1.0522749734874242
0.404485947346476
-0.057323780183436146
1.0522749734874242
0.31873995598348814
0.12658950533510757
1.0740238967355527
0.31873995598348814
0.12658950533510757
1.0740238967355527
0.11890911049267025
0.022824725464142118
1.0085810654188359
0.1789698994013678
0.01991310668393572
0.9972979556498677
0.404485947346476
-0.057323780183436146
1.0522749734874242
0.404485947346476
-0.057323780183436146
1.0522749734874242
0.29093721110234283
-0.12894991866029953
1.0430765231427688
0.1789698994013678
0.019913106683935717
0.9972979556498677
0.04531114889308796
-0.051854821890219706
0.9685729607166985
0.13180483427681508
-0.05267039561274371
0.9461349329079808
0.404485947346476
-0.057323780183436146
1.0522749734874242
0.13180483427681508
-0.052670395612743705
0.9461349329079806
0.404485947346476
-0.057323780183436146
1.0522749734874242
0.28874204638021134
0.04907485263300552
0.9505717899000947
0.04531114889308796
-0.051854821890219706
0.9685729607166985
0.07133831179976667
-0.08997018348893293
0.9728932878421989
0.404485947346476
-0.057323780183436146
1.0522749734874242
0.4044859473464761
-0.057323780183436146
1.0522749734874242
0.1789698994013678
0.019913106683935717
0.9972979556498678
0.29093721110234283
-0.12894991866029953
1.0430765231427688
0.4044859473464761
-0.057323780183436146
1.0522749734874242
0.31873995598348814
0.12658950533510757
1.0740238967355527
0.027260127103063643
0.016319296531600334
0.9960185208537274
0.31873995598348814
0.12658950533510757
1.0740238967355527
0.404485947346476
-0.057323780183436146
1.0522749734874242
0.1789698994013678
0.019913106683935717
0.9972979556498677
0.2247346487690945
0.04122916109736621
1.1161808645374747
0.404485947346476
-0.057323780183436146
1.0522749734874242
0.404485947346476
-0.057323780183436146
1.0522749734874242
0.23254232209217143
-0.019829613311351336
1.088365533093285
0.04531114889308796
-0.051854821890219706
0.9685729607166986
0.027260127103063643
0.016319296531600334
0.9960185208537274
0.1789698994013678
0.019913106683935717
0.9972979556498677
0.4044859473464761
-0.057323780183436146
1.0522749734874242
0.09762144448591469
0.0581522884518677
1.1057594611749333
0.31873995598348814
0.12658950533510757
1.0740238967355527
0.31873995598348814
0.12658950533510757
1.0740238967355527
0.15106523079746936
0.08714221748017183
1.0249423050568063
0.09762144448591469
0.0581522884518677
1.1057594611749333
0.404485947346476
-0.057323780183436146
1.0522749734874242
0.13180483427681508
-0.052670395612743705
0.9461349329079806
0.404485947346476
-0.057323780183436146
1.0522749734874242
0.23254232209217143
-0.019829613311351336
1.088365533093285
0.4044859473464761
-0.057323780183436146
1.0522749734874242
0.31873995598348814
0.12658950533510757
1.0740238967355527
0.16583503123353216
0.07305534531864469
1.0631652011325732
0.04531114889308796
-0.051854821890219706
0.9685729607166985
0.404485947346476
-0.057323780183436146
1.0522749734874242
0.28874204638021134
0.04907485263300551
0.9505717899000947
0.28874204638021134
0.04907485263300552
0.9505717899000947
0.404485947346476
-0.057323780183436146
1.0522749734874242
0.2247346487690945
0.04122916109736621
1.1161808645374747
0.404485947346476
-0.057323780183436146
1.0522749734874242
0.404485947346476
-0.057323780183436146
1.0522749734874242
0.404485947346476
-0.057323780183436146
1.0522749734874242
0.09762144448591469
0.05815228845186769
1.1057594611749333
0.15106523079746934
0.08714221748017183
1.0249423050568063
0.31873995598348814
0.12658950533510757
1.0740238967355527
0.09762144448591469
0.05815228845186769
1.1057594611749333
0.2247346487690945
0.04122916109736621
1.1161808645374747
0.027260127103063643
0.016319296531600334
0.9960185208537274
0.09762144448591469
0.05815228845186769
1.1057594611749333
0.404485947346476
-0.057323780183436146
1.0522749734874242
0.2247346487690945
0.04122916109736621
1.1161808645374747
0.13180483427681508
-0.052670395612743705
0.9461349329079806
0.404485947346476
-0.057323780183436146
1.0522749734874242
0.04531114889308796
-0.051854821890219706
0.9685729607166985
0.048662532520145206
-0.1450524178787457
0.8943351696983298
0.09762144448591469
0.05815228845186769
1.1057594611749333
0.09762144448591469
0.05815228845186769
1.1057594611749333
0.00826333666515521
0.00031437861154669054
1.0008642244807537
0.28874204638021134
0.04907485263300551
0.9505717899000947
0.404485947346476
-0.057323780183436146
1.0522749734874242
0.404485947346476
-0.057323780183436146
1.0522749734874242
0.16655815238161184
-0.07010449929419033
1.0542077623238693
0.28874204638021134
0.04907485263300552
0.9505717899000948
0.404485947346476
-0.057323780183436146
1.0522749734874242
0.00826333666515521
0.00031437861154669054
1.0008642244807537
0.048662532520145206
-0.14505241787874568
0.8943351696983299
0.15106523079746936
0.08714221748017183
1.0249423050568063
0.404485947346476
-0.057323780183436146
1.0522749734874242
0.404485947346476
-0.057323780183436146
1.0522749734874242
0.00826333666515521
0.00031437861154669054
1.0008642244807537
0.00826333666515521
0.00031437861154669054
1.0008642244807537
0.027260127103063643
0.016319296531600334
0.9960185208537274
0.027260127103063643
0.016319296531600334
0.9960185208537274
0.16583503123353216
0.07305534531864469
1.0631652011325732
0.0976214444859147
0.0581522884518677
1.1057594611749333
0.404485947346476
-0.057323780183436146
1.0522749734874242
0.4044859473464761
-0.057323780183436146
1.0522749734874242
0.31873995598348814
0.12658950533510757
1.0740238967355527
0.28874204638021134
0.04907485263300552
0.9505717899000947
0.07133831179976667
-0.08997018348893293
0.9728932878421989
0.0976214444859147
0.0581522884518677
1.1057594611749333
0.027260127103063643
0.016319296531600334
0.9960185208537274
0.07133831179976667
-0.08997018348893293
0.9728932878421989
0.404485947346476
-0.057323780183436146
1.0522749734874242
0.07133831179976667
-0.08997018348893293
0.9728932878421989
0.027260127103063643
0.016319296531600334
0.9960185208537274
0.16583503123353216
0.07305534531864469
1.0631652011325732
0.0754888668113883
0.009862546981420467
1.0558125996680328
0.11890911049267025
0.022824725464142118
1.0085810654188359
0.0754888668113883
0.009862546981420467
1.0558125996680328
0.04531114889308796
-0.051854821890219706
0.9685729607166985
0.4044859473464761
-0.057323780183436146
1.0522749734874242
0.09762144448591469
0.05815228845186769
1.1057594611749333
0.048662532520145206
-0.14505241787874568
0.8943351696983298
0.11890911049267025
0.022824725464142118
1.0085810654188359
0.15106523079746936
0.08714221748017183
1.0249423050568063
0.0754888668113883
0.009862546981420467
1.0558125996680328
0.13180483427681508
-0.05267039561274371
0.9461349329079807
0.15106523079746934
0.08714221748017183
1.0249423050568063
0.404485947346476
-0.057323780183436146
1.0522749734874242
0.404485947346476
-0.057323780183436146
1.0522749734874242
0.13180483427681508
-0.05267039561274371
0.9461349329079808
0.23254232209217143
-0.019829613311351336
1.088365533093285
0.048662532520145206
-0.14505241787874568
0.8943351696983298
0.16583503123353216
0.07305534531864469
1.0631652011325732
0.1318048342768151
-0.05267039561274371
0.9461349329079808
0.04531114889308796
-0.051854821890219706
0.9685729607166985
0.11890911049267025
0.022824725464142118
1.0085810654188359
0.048662532520145206
-0.14505241787874568
0.8943351696983298
0.28874204638021134
0.04907485263300552
0.9505717899000947
0.28874204638021134
0.04907485263300552
0.9505717899000947
0.4044859473464761
-0.057323780183436146
1.0522749734874242
0.07133831179976667
-0.08997018348893293
0.9728932878421989
0.23254232209217143
-0.019829613311351336
1.088365533093285
0.07133831179976667
-0.08997018348893293
0.9728932878421989
0.404485947346476
-0.057323780183436146
1.0522749734874242
0.4044859473464761
-0.057323780183436146
1.0522749734874242
0.28874204638021134
0.04907485263300552
0.9505717899000946
0.31873995598348814
0.12658950533510757
1.0740238967355527
0.048662532520145206
-0.14505241787874568
0.8943351696983299
0.31873995598348814
0.12658950533510757
1.0740238967355527
0.048662532520145206
-0.14505241787874568
0.8943351696983298
0.404485947346476
-0.057323780183436146
1.0522749734874242
0.11890911049267025
0.022824725464142118
1.0085810654188359
0.048662532520145206
-0.14505241787874568
0.8943351696983298
0.16583503123353216
0.07305534531864469
1.0631652011325732
0.4044859473464761
-0.057323780183436146
1.0522749734874242
0.31873995598348814
0.12658950533510757
1.0740238967355527
0.40448594734647614
-0.057323780183436146
1.0522749734874242
0.2909372111023428
-0.12894991866029953
1.0430765231427688
0.16655815238161184
-0.07010449929419033
1.0542077623238693
0.16655815238161184
-0.07010449929419033
1.0542077623238693
0.16655815238161184
-0.07010449929419033
1.0542077623238693
0.16655815238161184
-0.07010449929419033
1.0542077623238693
0.2909372111023427
-0.12894991866029953
1.0430765231427688
0.4044859473464761
-0.057323780183436146
1.0522749734874242
0.4044859473464761
-0.057323780183436146
1.0522749734874242
0.4044859473464761
-0.057323780183436146
1.0522749734874242
0.1789698994013678
0.019913106683935717
0.9972979556498678
0.1789698994013678
0.019913106683935717
0.9972979556498678
0.4044859473464761
-0.057323780183436146
1.0522749734874242
0.1789698994013678
0.019913106683935717
0.9972979556498678
0.1789698994013678
0.019913106683935717
0.9972979556498678
0.29093721110234283
-0.12894991866029953
1.0430765231427688
0.29093721110234283
-0.12894991866029953
1.0430765231427688
0.1789698994013678
0.019913106683935717
0.9972979556498677
0.1789698994013678
0.019913106683935717
0.9972979556498677
0.0976214444859147
0.0581522884518677
1.1057594611749333
0.2247346487690945
0.04122916109736621
1.1161808645374747
0.4044859473464761
-0.057323780183436146
1.0522749734874242
0.0754888668113883
0.009862546981420467
1.0558125996680328
0.07133831179976667
-0.08997018348893293
0.9728932878421989
0.13180483427681508
-0.05267039561274371
0.9461349329079807
0.13180483427681508
-0.05267039561274371
0.9461349329079807
0.13180483427681508
-0.052670395612743705
0.9461349329079806
0.13180483427681505
-0.05267039561274371
0.9461349329079806
0.09762144448591469
0.05815228845186769
1.1057594611749333
0.0976214444859147
0.0581522884518677
1.1057594611749333
0.15106523079746936
0.08714221748017183
1.0249423050568063
0.0976214444859147
0.0581522884518677
1.1057594611749333
0.2247346487690945
0.04122916109736621
1.1161808645374747
0.04531114889308796
-0.05185482189021971
0.9685729607166985
0.4044859473464761
-0.057323780183436146
1.0522749734874242
0.048662532520145206
-0.14505241787874568
0.8943351696983298
0.31873995598348814
0.12658950533510757
1.0740238967355527
0.048662532520145206
-0.14505241787874568
0.8943351696983299
0.15106523079746936
0.08714221748017183
1.0249423050568063
0.1318048342768151
-0.05267039561274371
0.9461349329079808
0.09762144448591469
0.0581522884518677
1.1057594611749333
0.404485947346476
-0.057323780183436146
1.0522749734874242
0.1789698994013678
0.019913106683935717
0.9972979556498677
0.0976214444859147
0.0581522884518677
1.1057594611749333
0.04531114889308796
-0.051854821890219706
0.9685729607166986
0.15106523079746936
0.08714221748017183
1.0249423050568063
0.23254232209217143
-0.019829613311351336
1.088365533093285
0.28874204638021134
0.04907485263300552
0.9505717899000947
0.29093721110234283
-0.12894991866029953
1.0430765231427688
0.31873995598348814
0.12658950533510757
1.0740238967355527
0.31873995598348814
0.12658950533510757
1.0740238967355527
0.4044859473464761
-0.057323780183436146
1.0522749734874242
0.404485947346476
-0.057323780183436146
1.0522749734874242
0.28874204638021134
0.04907485263300552
0.9505717899000947
0.1665581523816118
-0.07010449929419031
1.0542077623238693
0.31873995598348814
0.12658950533510757
1.0740238967355527
0.4044859473464761
-0.057323780183436146
1.0522749734874242
0.404485947346476
-0.057323780183436146
1.0522749734874242
0.29093721110234283
-0.12894991866029953
1.0430765231427688
0.13180483427681508
-0.05267039561274371
0.9461349329079807
0.404485947346476
-0.057323780183436146
1.0522749734874242
0.28874204638021134
0.04907485263300552
0.9505717899000947
0.2247346487690945
0.04122916109736621
1.1161808645374747
0.2247346487690945
0.04122916109736621
1.1161808645374747
0.2247346487690945
0.04122916109736621
1.1161808645374747
0.2247346487690945
0.04122916109736621
1.1161808645374747
0.2247346487690945
0.04122916109736621
1.1161808645374747
0.404485947346476
-0.057323780183436146
1.0522749734874242
0.31873995598348814
0.12658950533510757
1.0740238967355527
0.28874204638021134
0.04907485263300552
0.9505717899000947
0.2247346487690945
0.04122916109736621
1.1161808645374747
0.17896989940136776
0.019913106683935717
0.9972979556498676
0.4044859473464761
-0.057323780183436146
1.0522749734874242
0.28874204638021134
0.04907485263300552
0.9505717899000947
0.31873995598348814
0.12658950533510757
1.0740238967355527
0.09762144448591469
0.05815228845186769
1.1057594611749333
0.09762144448591469
0.0581522884518677
1.1057594611749333
0.23254232209217143
-0.019829613311351336
1.088365533093285
0.0976214444859147
0.0581522884518677
1.1057594611749333
0.13180483427681508
-0.05267039561274371
0.9461349329079808
0.4044859473464761
-0.057323780183436146
1.0522749734874242
0.0976214444859147
0.0581522884518677
1.1057594611749333
0.4044859473464761
-0.057323780183436146
1.0522749734874242
0.15106523079746936
0.08714221748017183
1.0249423050568063
0.404485947346476
-0.057323780183436146
1.0522749734874242
0.28874204638021134
0.04907485263300551
0.9505717899000947
0.15106523079746934
0.08714221748017183
1.0249423050568063
0.4044859473464761
-0.057323780183436146
1.0522749734874242
0.04531114889308796
-0.051854821890219706
0.9685729607166985
0.13180483427681508
-0.05267039561274371
0.9461349329079807
0.09762144448591469
0.05815228845186769
1.1057594611749333
0.13180483427681508
-0.05267039561274371
0.9461349329079807
0.23254232209217143
-0.019829613311351336
1.088365533093285
0.027260127103063643
0.016319296531600334
0.9960185208537274
0.04531114889308796
-0.051854821890219706
0.9685729607166985
0.23254232209217143
-0.019829613311351336
1.088365533093285
0.31873995598348814
0.12658950533510757
1.0740238967355527
0.1789698994013678
0.019913106683935717
0.9972979556498677
0.31873995598348814
0.12658950533510757
1.0740238967355527
0.4044859473464761
-0.057323780183436146
1.0522749734874242
0.28874204638021134
0.04907485263300552
0.9505717899000946
0.16655815238161184
-0.07010449929419033
1.0542077623238693
0.17896989940136776
0.019913106683935717
0.9972979556498676
0.404485947346476
-0.057323780183436146
1.0522749734874242
0.1789698994013678
0.01991310668393572
0.9972979556498677
0.1789698994013678
0.019913106683935717
0.9972979556498678
0.1789698994013678
0.019913106683935717
0.9972979556498677
0.28874204638021134
0.04907485263300551
0.9505717899000947
0.1789698994013678
0.019913106683935717
0.9972979556498678
0.404485947346476
-0.057323780183436146
1.0522749734874242
0.404485947346476
-0.057323780183436146
1.0522749734874242
0.40448594734647614
-0.057323780183436146
1.0522749734874242
0.0976214444859147
0.0581522884518677
1.1057594611749333
0.28874204638021134
0.04907485263300552
0.9505717899000946
0.31873995598348814
0.12658950533510757
1.0740238967355527
0.28874204638021134
0.04907485263300552
0.9505717899000946
0.4044859473464761
-0.057323780183436146
1.0522749734874242
0.1789698994013678
0.019913106683935717
0.9972979556498677
0.1789698994013678
0.019913106683935717
0.9972979556498677
0.16655815238161187
-0.07010449929419033
1.0542077623238693
0.1789698994013678
0.019913106683935717
0.9972979556498678
0.31873995598348814
0.12658950533510757
1.0740238967355527
0.31873995598348814
0.12658950533510757
1.0740238967355527
0.16655815238161184
-0.07010449929419033
1.0542077623238693
0.28874204638021134
0.04907485263300552
0.9505717899000947
0.31873995598348814
0.12658950533510757
1.0740238967355527
0.0754888668113883
0.009862546981420467
1.0558125996680328
0.28874204638021134
0.04907485263300551
0.9505717899000947
0.31873995598348814
0.12658950533510757
1.0740238967355527
0.4044859473464761
-0.057323780183436146
1.0522749734874242
0.404485947346476
-0.057323780183436146
1.0522749734874242
0.4044859473464761
-0.057323780183436146
1.0522749734874242
0.31873995598348814
0.12658950533510757
1.0740238967355527
0.28874204638021134
0.04907485263300552
0.9505717899000947
0.404485947346476
-0.057323780183436146
1.0522749734874242
0.4044859473464761
-0.057323780183436146
1.0522749734874242
0.28874204638021134
0.04907485263300552
0.9505717899000946
0.2247346487690945
0.04122916109736621
1.1161808645374747
0.40448594734647614
-0.057323780183436146
1.0522749734874242
0.28874204638021134
0.04907485263300552
0.9505717899000946
0.4044859473464761
-0.057323780183436146
1.0522749734874242
0.4044859473464761
-0.057323780183436146
1.0522749734874242
0.4044859473464761
-0.057323780183436146
1.0522749734874242
0.4044859473464761
-0.057323780183436146
1.0522749734874242
0.4044859473464761
-0.057323780183436146
1.0522749734874242
0.4044859473464761
-0.057323780183436146
1.0522749734874242
0.4044859473464761
-0.057323780183436146
1.0522749734874242
0.4044859473464761
-0.057323780183436146
1.0522749734874242
