3697.2811090725027
-4231.22913615362
79033.2312885263
11253.459407735862
4957.489120038583
72145.71219162013
4906.370156689929
-14624.821549132783
90170.79793102834
11518.65202668677
-4602.956807312215
82684.36527579393
29603.146599175885
-4195.360257931537
77012.93581927333
8872.856940601096
1703.1539712368099
75259.12412751582
3846.2306508881093
-4401.689434560582
82217.18274943804
3846.2306508881093
-4401.689434560582
82217.18274943804
11518.65202668677
-4602.956807312215
82684.36527579393
4906.370156689929
-14624.821549132783
90170.79793102834
11518.65202668677
-4602.956807312215
82684.36527579393
11518.65202668677
-4602.956807312215
82684.36527579393
28108.267715116108
-3983.505905233096
73123.99073129111
3846.2306508881093
-4401.689434560582
82217.18274943804
11518.65202668677
-4602.956807312215
82684.36527579393
29603.146599175885
-4195.360257931537
77012.93581927333
4906.370156689929
-14624.821549132783
90170.79793102834
3846.2306508881093
-4401.689434560582
82217.18274943804
15244.572740703903
2796.7247099167957
75714.62822675922
21606.20817304959
8581.036526639273
72804.12593424715
27457.30513081765
-3891.251436728651
71430.50387315013
27457.30513081765
-3891.251436728651
71430.50387315013
21606.20817304959
8581.036526639273
72804.12593424715
21606.20817304959
8581.036526639273
72804.12593424715
21277.52407515669
-9430.67745919534
76284.79612253449
25795.713875099536
4384.262260567133
84922.43584682365
27411.454740525285
-3884.753515820182
71311.22354080286
27411.454740525285
-3884.753515820182
71311.22354080286
15244.572740703903
2796.7247099167957
75714.62822675922
29603.146599175885
-4195.360257931537
77012.93581927333
15244.572740703903
2796.7247099167957
75714.62822675922
7129.557673716088
4247.018639802911
80756.59905689466
7129.557673716088
4247.018639802911
80756.59905689466
7129.557673716088
4247.018639802911
80756.59905689466
13641.364581718592
1517.808017654551
76015.60404921639
27411.454740525285
-3884.753515820182
71311.22354080286
29603.146599175885
-4195.360257931537
77012.93581927333
27411.454740525285
-3884.753515820182
71311.22354080286
27740.473391720185
-3931.3820648738074
72167.16945124611
21606.20817304959
8581.036526639273
72804.12593424715
21606.20817304959
8581.036526639273
72804.12593424715
27457.30513081765
-3891.251436728651
71430.50387315013
21606.20817304959
8581.036526639273
72804.12593424715
21606.20817304959
8581.036526639273
72804.12593424715
21606.20817304959
8581.036526639273
72804.12593424715
12270.479129161222
-5164.65740733462
77664.37223533285
29603.146599175885
-4195.360257931537
77012.93581927333
29603.146599175885
-4195.360257931537
77012.93581927333
4906.370156689929
-14624.821549132783
90170.79793102834
8872.856940601096
1703.1539712368099
75259.12412751582
29603.146599175885
-4195.360257931537
77012.93581927333
4704.119087078156
-14021.95513124536
86453.76481960872
4704.119087078156
-14021.95513124536
86453.76481960872
5757.083584342246
-7260.696999646264
78513.60419733675
4704.119087078156
-14021.95513124536
86453.76481960872
4906.370156689929
-14624.821549132783
90170.79793102834
11099.402582880832
6402.707947231927
75306.85391996849
29603.146599175885
-4195.360257931537
77012.93581927333
21606.20817304959
8581.036526639273
72804.12593424715
13960.648706889344
1553.333202997331
77794.7937697746
25506.874295252448
4335.170831060154
83971.54296561265
25506.874295252448
4335.170831060154
83971.54296561265
10577.542619733982
-4226.881035501186
75928.79754194054
15244.572740703903
2796.7247099167957
75714.62822675922
6759.133124417456
4026.3597942602682
76560.7950284312
11518.65202668677
-4602.956807312215
82684.36527579393
5067.174176259182
-6390.5996498491895
69104.79965165093
6621.719085028682
3944.5033855792294
75004.30429063714
15775.211473444591
-1345.201770623113
73832.56643558232
27457.30513081765
-3891.251436728651
71430.50387315013
15244.572740703903
2796.7247099167957
75714.62822675922
29603.146599175885
-4195.360257931537
77012.93581927333
8872.856940601096
1703.1539712368099
75259.12412751582
4906.370156689929
-14624.821549132783
90170.79793102834
4704.119087078156
-14021.95513124536
86453.76481960872
11253.459407735862
4957.489120038583
72145.71219162013
14809.404511843992
1647.7701164068183
82524.42949040997
27411.454740525285
-3884.753515820182
71311.22354080286
27740.473391720185
-3931.3820648738074
72167.16945124611
11295.34808958942
-4754.223740186475
71492.40949138836
15832.302198960057
1761.5829466001935
88224.45935918707
11295.34808958942
-4754.223740186475
71492.40949138836
29603.146599175885
-4195.360257931537
77012.93581927333
560.7672726283813
21.334388723761833
67920.7351916419
4135.67638146218
-12327.551149270128
76006.7478383124
15244.572740703903
2796.7247099167957
75714.62822675922
11518.65202668677
-4602.956807312215
82684.36527579393
560.7672726283813
21.334388723761833
67920.7351916419
10250.184536932102
5912.83517334814
69545.10783904893
22876.360980283967
9085.485412163143
77084.02383178636
560.7672726283813
21.334388723761833
67920.7351916419
560.7672726283813
21.334388723761833
67920.7351916419
1867.5925600857543
1118.0357550432982
68237.2746180257
8872.856940601096
1703.1539712368099
75259.12412751582
4135.67638146218
-12327.551149270128
76006.7478383124
5757.083584342246
-7260.696999646264
78513.60419733675
5757.083584342246
-7260.696999646264
78513.60419733675
1867.5925600857543
1118.0357550432982
68237.2746180257
1867.5925600857543
1118.0357550432982
68237.2746180257
8872.856940601096
1703.1539712368099
75259.12412751582
560.7672726283813
21.334388723761833
67920.7351916419
1867.5925600857543
1118.0357550432982
68237.2746180257
560.7672726283813
21.334388723761833
67920.7351916419
11253.459407735862
4957.489120038583
72145.71219162013
4135.67638146218
-12327.551149270128
76006.7478383124
560.7672726283813
21.334388723761833
67920.7351916419
21277.52407515669
-9430.67745919534
76284.79612253449
3249.266829844354
-3718.5142476288065
69456.45984317544
11253.459407735862
4957.489120038583
72145.71219162013
11099.402582880832
6402.707947231927
75306.85391996849
13641.364581718592
1517.808017654551
76015.60404921639
11298.142934964813
-4755.400093507192
71510.09909497187
11298.142934964813
-4755.400093507192
71510.09909497187
21713.424337668515
8623.618076232447
73165.40076269391
11518.65202668677
-4602.956807312215
82684.36527579393
10880.772846458503
6276.591037746053
73823.50222600333
29603.146599175885
-4195.360257931537
77012.93581927333
29603.146599175885
-4195.360257931537
77012.93581927333
560.7672726283813
21.334388723761833
67920.7351916419
29603.146599175885
-4195.360257931537
77012.93581927333
29603.146599175885
-4195.360257931537
77012.93581927333
11295.34808958942
-4754.223740186475
71492.40949138836
29603.146599175885
-4195.360257931537
77012.93581927333
22481.866495399263
-9964.469120086727
80602.63947993873
4906.370156689929
-14624.821549132783
90170.79793102834
6759.133124417456
4026.3597942602682
76560.7950284312
11099.402582880832
6402.707947231927
75306.85391996849
6621.719085028682
3944.5033855792294
75004.30429063714
29603.146599175885
-4195.360257931537
77012.93581927333
22876.360980283967
9085.485412163143
77084.02383178636
29603.146599175885
-4195.360257931537
77012.93581927333
10250.184536932102
5912.83517334814
69545.10783904893
4135.67638146218
-12327.551149270128
76006.7478383124
27411.454740525285
-3884.753515820182
71311.22354080286
21606.20817304959
8581.036526639273
72804.12593424715
5757.083584342246
-7260.696999646264
78513.60419733675
22876.360980283967
9085.485412163143
77084.02383178636
6621.719085028682
3944.5033855792294
75004.30429063714
13894.16001739007
1545.9353312227881
77424.28993458633
27398.653705301527
4656.6993265674
90199.4968173304
22876.360980283967
9085.485412163143
77084.02383178636
13064.240579524167
-5498.752426047543
82688.38018955683
29603.146599175885
-4195.360257931537
77012.93581927333
15775.211473444591
-1345.201770623113
73832.56643558232
27398.653705301527
4656.6993265674
90199.4968173304
11518.65202668677
-4602.956807312215
82684.36527579393
11099.402582880832
6402.707947231927
75306.85391996849
5757.083584342246
-7260.696999646264
78513.60419733675
3846.2306508881093
-4401.689434560582
82217.18274943804
21606.20817304959
8581.036526639273
72804.12593424715
27411.454740525285
-3884.753515820182
71311.22354080286
29603.146599175885
-4195.360257931537
77012.93581927333
12374.750714753449
1376.878078348587
68957.48184907364
21606.20817304959
8581.036526639273
72804.12593424715
29603.146599175885
-4195.360257931537
77012.93581927333
27740.473391720185
-3931.3820648738074
72167.16945124611
13064.240579524167
-5498.752426047543
82688.38018955683
21713.424337668515
8623.618076232447
73165.40076269391
13960.648706889344
1553.333202997331
77794.7937697746
28108.267715116108
-3983.505905233096
73123.99073129111
11253.459407735862
4957.489120038583
72145.71219162013
29603.146599175885
-4195.360257931537
77012.93581927333
29603.146599175885
-4195.360257931537
77012.93581927333
29603.146599175885
-4195.360257931537
77012.93581927333
21713.424337668515
8623.618076232447
73165.40076269391
29603.146599175885
-4195.360257931537
77012.93581927333
29603.146599175885
-4195.360257931537
77012.93581927333
22876.360980283967
9085.485412163143
77084.02383178636
28108.267715116108
-3983.505905233096
73123.99073129111
29603.146599175885
-4195.360257931537
77012.93581927333
29603.146599175885
-4195.360257931537
77012.93581927333
29603.146599175885
-4195.360257931537
77012.93581927333
13064.240579524167
-5498.752426047543
82688.38018955683
25506.874295252448
4335.170831060154
83971.54296561265
27411.454740525285
-3884.753515820182
71311.22354080286
29603.146599175885
-4195.360257931537
77012.93581927333
29603.146599175885
-4195.360257931537
77012.93581927333
13064.240579524167
-5498.752426047543
82688.38018955683
1867.5925600857543
1118.0357550432982
68237.2746180257
7129.557673716088
4247.018639802911
80756.59905689466
29603.146599175885
-4195.360257931537
77012.93581927333
29603.146599175885
-4195.360257931537
77012.93581927333
22876.360980283967
9085.485412163143
77084.02383178636
29603.146599175885
-4195.360257931537
77012.93581927333
29603.146599175885
-4195.360257931537
77012.93581927333
27740.473391720185
-3931.3820648738074
72167.16945124611
29603.146599175885
-4195.360257931537
77012.93581927333
4906.370156689929
-14624.821549132783
90170.79793102834
29603.146599175885
-4195.360257931537
77012.93581927333
4906.370156689929
-14624.821549132783
90170.79793102834
29603.146599175885
-4195.360257931537
77012.93581927333
22481.866495399263
-9964.469120086727
80602.63947993873
29603.146599175885
-4195.360257931537
77012.93581927333
4704.119087078156
-14021.95513124536
86453.76481960872
29603.146599175885
-4195.360257931537
77012.93581927333
20278.07256290172
-8987.698059200831
72701.53358797348
29603.146599175885
-4195.360257931537
77012.93581927333
29603.146599175885
-4195.360257931537
77012.93581927333
6759.133124417456
4026.3597942602682
76560.7950284312
15244.572740703903
2796.7247099167957
75714.62822675922
3846.2306508881093
-4401.689434560582
82217.18274943804
11255.018335382676
-4497.6064163798765
80791.92296741529
13064.240579524167
-5498.752426047543
82688.38018955683
7129.557673716088
4247.018639802911
80756.59905689466
29603.146599175885
-4195.360257931537
77012.93581927333
22876.360980283967
9085.485412163143
77084.02383178636
11253.459407735862
4957.489120038583
72145.71219162013
1867.5925600857543
1118.0357550432982
68237.2746180257
29603.146599175885
-4195.360257931537
77012.93581927333
29603.146599175885
-4195.360257931537
77012.93581927333
21713.424337668515
8623.618076232447
73165.40076269391
22876.360980283967
9085.485412163143
77084.02383178636
20080.80483394365
-8900.264562787417
71994.28360757316
560.7672726283813
21.334388723761833
67920.7351916419
6621.719085028682
3944.5033855792294
75004.30429063714
560.7672726283813
21.334388723761833
67920.7351916419
15832.302198960057
1761.5829466001935
88224.45935918707
27457.30513081765
-3891.251436728651
71430.50387315013
29603.146599175885
-4195.360257931537
77012.93581927333
29603.146599175885
-4195.360257931537
77012.93581927333
3846.2306508881093
-4401.689434560582
82217.18274943804
5122.795848458193
669.2882919792696
71649.14020822589
28108.267715116108
-3983.505905233096
73123.99073129111
7129.557673716088
4247.018639802911
80756.59905689466
22876.360980283967
9085.485412163143
77084.02383178636
5122.795848458193
669.2882919792696
71649.14020822589
4906.370156689929
-14624.821549132783
90170.79793102834
3846.2306508881093
-4401.689434560582
82217.18274943804
29603.146599175885
-4195.360257931537
77012.93581927333
28108.267715116108
-3983.505905233096
73123.99073129111
3846.2306508881093
-4401.689434560582
82217.18274943804
21606.20817304959
8581.036526639273
72804.12593424715
28108.267715116108
-3983.505905233096
73123.99073129111
21606.20817304959
8581.036526639273
72804.12593424715
29603.146599175885
-4195.360257931537
77012.93581927333
28108.267715116108
-3983.505905233096
73123.99073129111
28108.267715116108
-3983.505905233096
73123.99073129111
29603.146599175885
-4195.360257931537
77012.93581927333
5122.795848458193
669.2882919792696
71649.14020822589
27411.454740525285
-3884.753515820182
71311.22354080286
21713.424337668515
8623.618076232447
73165.40076269391
29603.146599175885
-4195.360257931537
77012.93581927333
7129.557673716088
4247.018639802911
80756.59905689466
29603.146599175885
-4195.360257931537
77012.93581927333
27457.30513081765
-3891.251436728651
71430.50387315013
22876.360980283967
9085.485412163143
77084.02383178636
27398.653705301527
4656.6993265674
90199.4968173304
560.7672726283813
21.334388723761833
67920.7351916419
22876.360980283967
9085.485412163143
77084.02383178636
4906.370156689929
-14624.821549132783
90170.79793102834
5757.083584342246
-7260.696999646264
78513.60419733675
7129.557673716088
4247.018639802911
80756.59905689466
11253.459407735862
4957.489120038583
72145.71219162013
21606.20817304959
8581.036526639273
72804.12593424715
29603.146599175885
-4195.360257931537
77012.93581927333
28108.267715116108
-3983.505905233096
73123.99073129111
8872.856940601096
1703.1539712368099
75259.12412751582
27457.30513081765
-3891.251436728651
71430.50387315013
29603.146599175885
-4195.360257931537
77012.93581927333
22876.360980283967
9085.485412163143
77084.02383178636
29603.146599175885
-4195.360257931537
77012.93581927333
29603.146599175885
-4195.360257931537
77012.93581927333
5122.795848458193
669.2882919792696
71649.14020822589
11295.34808958942
-4754.223740186475
71492.40949138836
22481.866495399263
-9964.469120086727
80602.63947993873
22876.360980283967
9085.485412163143
77084.02383178636
21606.20817304959
8581.036526639273
72804.12593424715
21277.52407515669
-9430.67745919534
76284.79612253449
6621.719085028682
3944.5033855792294
75004.30429063714
13064.240579524167
-5498.752426047543
82688.38018955683
15775.211473444591
-1345.201770623113
73832.56643558232
6759.133124417456
4026.3597942602682
76560.7950284312
11253.459407735862
4957.489120038583
72145.71219162013
11518.65202668677
-4602.956807312215
82684.36527579393
21277.52407515669
-9430.67745919534
76284.79612253449
6759.133124417456
4026.3597942602682
76560.7950284312
29603.146599175885
-4195.360257931537
77012.93581927333
29603.146599175885
-4195.360257931537
77012.93581927333
22876.360980283967
9085.485412163143
77084.02383178636
21606.20817304959
8581.036526639273
72804.12593424715
8872.856940601096
1703.1539712368099
75259.12412751582
12214.213445611613
1359.0158804155158
68062.89850932604
29603.146599175885
-4195.360257931537
77012.93581927333
29603.146599175885
-4195.360257931537
77012.93581927333
22481.866495399263
-9964.469120086727
80602.63947993873
15832.302198960057
1761.5829466001935
88224.45935918707
3364.584375498127
-3850.4855380677886
71921.49238693193
10577.542619733982
-4226.881035501186
75928.79754194054
29603.146599175885
-4195.360257931537
77012.93581927333
11518.65202668677
-4602.956807312215
82684.36527579393
29603.146599175885
-4195.360257931537
77012.93581927333
24499.073081216873
4163.884048680581
80653.7462820364
3846.2306508881093
-4401.689434560582
82217.18274943804
5757.083584342246
-7260.696999646264
78513.60419733675
29603.146599175885
-4195.360257931537
77012.93581927333
28108.267715116108
-3983.505905233096
73123.99073129111
13960.648706889344
1553.333202997331
77794.7937697746
22481.866495399263
-9964.469120086727
80602.63947993873
27740.473391720185
-3931.3820648738074
72167.16945124611
21606.20817304959
8581.036526639273
72804.12593424715
1867.5925600857543
1118.0357550432982
68237.2746180257
22876.360980283967
9085.485412163143
77084.02383178636
29603.146599175885
-4195.360257931537
77012.93581927333
15832.302198960057
1761.5829466001935
88224.45935918707
15244.572740703903
2796.7247099167957
75714.62822675922
29603.146599175885
-4195.360257931537
77012.93581927333
29603.146599175885
-4195.360257931537
77012.93581927333
15775.211473444591
-1345.201770623113
73832.56643558232
3282.4867383719675
-3756.531655750002
70166.56995830953
1867.5925600857543
1118.0357550432982
68237.2746180257
15832.302198960057
1761.5829466001935
88224.45935918707
28108.267715116108
-3983.505905233096
73123.99073129111
6759.133124417456
4026.3597942602682
76560.7950284312
21606.20817304959
8581.036526639273
72804.12593424715
22876.360980283967
9085.485412163143
77084.02383178636
10250.184536932102
5912.83517334814
69545.10783904893
6759.133124417456
4026.3597942602682
76560.7950284312
29603.146599175885
-4195.360257931537
77012.93581927333
11518.65202668677
-4602.956807312215
82684.36527579393
29603.146599175885
-4195.360257931537
77012.93581927333
15775.211473444591
-1345.201770623113
73832.56643558232
28108.267715116108
-3983.505905233096
73123.99073129111
22876.360980283967
9085.485412163143
77084.02383178636
11253.459407735862
4957.489120038583
72145.71219162013
3846.2306508881093
-4401.689434560582
82217.18274943804
29603.146599175885
-4195.360257931537
77012.93581927333
25795.713875099536
4384.262260567133
84922.43584682365
27398.653705301527
4656.6993265674
90199.4968173304
29603.146599175885
-4195.360257931537
77012.93581927333
15244.572740703903
2796.7247099167957
75714.62822675922
29603.146599175885
-4195.360257931537
77012.93581927333
29603.146599175885
-4195.360257931537
77012.93581927333
29603.146599175885
-4195.360257931537
77012.93581927333
7129.557673716088
4247.018639802911
80756.59905689466
11099.402582880832
6402.707947231927
75306.85391996849
22876.360980283967
9085.485412163143
77084.02383178636
7129.557673716088
4247.018639802911
80756.59905689466
15244.572740703903
2796.7247099167957
75714.62822675922
1867.5925600857543
1118.0357550432982
68237.2746180257
7129.557673716088
4247.018639802911
80756.59905689466
29603.146599175885
-4195.360257931537
77012.93581927333
15244.572740703903
2796.7247099167957
75714.62822675922
11518.65202668677
-4602.956807312215
82684.36527579393
29603.146599175885
-4195.360257931537
77012.93581927333
3846.2306508881093
-4401.689434560582
82217.18274943804
4135.67638146218
-12327.551149270128
76006.7478383124
7129.557673716088
4247.018639802911
80756.59905689466
7129.557673716088
4247.018639802911
80756.59905689466
560.7672726283813
21.334388723761833
67920.7351916419
25795.713875099536
4384.262260567133
84922.43584682365
29603.146599175885
-4195.360257931537
77012.93581927333
29603.146599175885
-4195.360257931537
77012.93581927333
12337.876360530829
-5193.024972004499
78090.95408349232
23035.12228854511
3915.0696819716313
75834.2530950856
29603.146599175885
-4195.360257931537
77012.93581927333
560.7672726283813
21.334388723761833
67920.7351916419
4135.531718222513
-12327.119939639118
76004.0891722649
10250.184536932102
5912.83517334814
69545.10783904893
29603.146599175885
-4195.360257931537
77012.93581927333
29603.146599175885
-4195.360257931537
77012.93581927333
560.7672726283813
21.334388723761833
67920.7351916419
560.7672726283813
21.334388723761833
67920.7351916419
1867.5925600857543
1118.0357550432982
68237.2746180257
1867.5925600857543
1118.0357550432982
68237.2746180257
11253.459407735862
4957.489120038583
72145.71219162013
6621.719085028682
3944.5033855792294
75004.30429063714
29603.146599175885
-4195.360257931537
77012.93581927333
28108.267715116108
-3983.505905233096
73123.99073129111
21606.20817304959
8581.036526639273
72804.12593424715
27398.653705301527
4656.6993265674
90199.4968173304
5757.083584342246
-7260.696999646264
78513.60419733675
6621.719085028682
3944.5033855792294
75004.30429063714
1867.5925600857543
1118.0357550432982
68237.2746180257
5757.083584342246
-7260.696999646264
78513.60419733675
29603.146599175885
-4195.360257931537
77012.93581927333
5757.083584342246
-7260.696999646264
78513.60419733675
1867.5925600857543
1118.0357550432982
68237.2746180257
11253.459407735862
4957.489120038583
72145.71219162013
5122.795848458193
669.2882919792696
71649.14020822589
8872.856940601096
1703.1539712368099
75259.12412751582
5122.795848458193
669.2882919792696
71649.14020822589
3249.266829844354
-3718.5142476288065
69456.45984317544
27740.473391720185
-3931.3820648738074
72167.16945124611
7129.557673716088
4247.018639802911
80756.59905689466
4906.370156689929
-14624.821549132783
90170.79793102834
8872.856940601096
1703.1539712368099
75259.12412751582
10250.184536932102
5912.83517334814
69545.10783904893
5122.795848458193
669.2882919792696
71649.14020822589
11255.018335382676
-4497.6064163798765
80791.92296741529
11099.402582880832
6402.707947231927
75306.85391996849
29603.146599175885
-4195.360257931537
77012.93581927333
29603.146599175885
-4195.360257931537
77012.93581927333
10577.542619733982
-4226.881035501186
75928.79754194054
15775.211473444591
-1345.201770623113
73832.56643558232
4244.583884919737
-12652.180712992827
78008.28383617305
11253.459407735862
4957.489120038583
72145.71219162013
10164.634934597429
-4061.879415894354
72964.82139404456
3364.584375498127
-3850.4855380677886
71921.49238693193
8872.856940601096
1703.1539712368099
75259.12412751582
4244.583884919737
-12652.180712992827
78008.28383617305
27398.653705301527
4656.6993265674
90199.4968173304
25506.874295252448
4335.170831060154
83971.54296561265
28108.267715116108
-3983.505905233096
73123.99073129111
5757.083584342246
-7260.696999646264
78513.60419733675
15775.211473444591
-1345.201770623113
73832.56643558232
5757.083584342246
-7260.696999646264
78513.60419733675
29603.146599175885
-4195.360257931537
77012.93581927333
27411.454740525285
-3884.753515820182
71311.22354080286
24241.92591036303
4120.1790889324275
79807.18843038076
22876.360980283967
9085.485412163143
77084.02383178636
4704.119087078156
-14021.95513124536
86453.76481960872
21606.20817304959
8581.036526639273
72804.12593424715
4244.583884919737
-12652.180712992827
78008.28383617305
29603.146599175885
-4195.360257931537
77012.93581927333
8069.326808633729
1548.9155399817753
68443.6221593488
4244.583884919737
-12652.180712992827
78008.28383617305
11253.459407735862
4957.489120038583
72145.71219162013
27411.454740525285
-3884.753515820182
71311.22354080286
21606.20817304959
8581.036526639273
72804.12593424715
27457.30513081765
-3891.251436728651
71430.50387315013
19727.134047746567
-8743.50971200762
70726.2928524344
13064.240579524167
-5498.752426047543
82688.38018955683
11295.34808958942
-4754.223740186475
71492.40949138836
13064.240579524167
-5498.752426047543
82688.38018955683
12337.876360530829
-5193.024972004499
78090.95408349232
21277.52407515669
-9430.67745919534
76284.79612253449
27411.454740525285
-3884.753515820182
71311.22354080286
27411.454740525285
-3884.753515820182
71311.22354080286
27411.454740525285
-3884.753515820182
71311.22354080286
13960.648706889344
1553.333202997331
77794.7937697746
13960.648706889344
1553.333202997331
77794.7937697746
27411.454740525285
-3884.753515820182
71311.22354080286
13960.648706889344
1553.333202997331
77794.7937697746
13960.648706889344
1553.333202997331
77794.7937697746
22481.866495399263
-9964.469120086727
80602.63947993873
22481.866495399263
-9964.469120086727
80602.63947993873
14809.404511843992
1647.7701164068183
82524.42949040997
15832.302198960057
1761.5829466001935
88224.45935918707
6621.719085028682
3944.5033855792294
75004.30429063714
15244.572740703903
2796.7247099167957
75714.62822675922
27411.454740525285
-3884.753515820182
71311.22354080286
5122.795848458193
669.2882919792696
71649.14020822589
5757.083584342246
-7260.696999646264
78513.60419733675
9231.30755797148
-3688.913413298044
66265.11542566867
9999.414359002518
-3995.855789919659
71778.81817145254
11518.65202668677
-4602.956807312215
82684.36527579393
9997.74796147626
-3995.1898825010303
71766.85626641048
7129.557673716088
4247.018639802911
80756.59905689466
6621.719085028682
3944.5033855792294
75004.30429063714
10250.184536932102
5912.83517334814
69545.10783904893
6621.719085028682
3944.5033855792294
75004.30429063714
15244.572740703903
2796.7247099167957
75714.62822675922
3074.6290973896525
-3518.655962571466
65723.39657489216
27411.454740525285
-3884.753515820182
71311.22354080286
4906.370156689929
-14624.821549132783
90170.79793102834
22876.360980283967
9085.485412163143
77084.02383178636
4135.531718222513
-12327.119939639118
76004.0891722649
10250.184536932102
5912.83517334814
69545.10783904893
10164.634934597429
-4061.879415894354
72964.82139404456
6759.133124417456
4026.3597942602682
76560.7950284312
29603.146599175885
-4195.360257931537
77012.93581927333
15832.302198960057
1761.5829466001935
88224.45935918707
6621.719085028682
3944.5033855792294
75004.30429063714
3282.4867383719675
-3756.531655750002
70166.56995830953
10250.184536932102
5912.83517334814
69545.10783904893
15775.211473444591
-1345.201770623113
73832.56643558232
27398.653705301527
4656.6993265674
90199.4968173304
22481.866495399263
-9964.469120086727
80602.63947993873
22876.360980283967
9085.485412163143
77084.02383178636
21713.424337668515
8623.618076232447
73165.40076269391
28108.267715116108
-3983.505905233096
73123.99073129111
29603.146599175885
-4195.360257931537
77012.93581927333
27398.653705301527
4656.6993265674
90199.4968173304
12270.479129161222
-5164.65740733462
77664.37223533285
21606.20817304959
8581.036526639273
72804.12593424715
27740.473391720185
-3931.3820648738074
72167.16945124611
29603.146599175885
-4195.360257931537
77012.93581927333
22481.866495399263
-9964.469120086727
80602.63947993873
11255.018335382676
-4497.6064163798765
80791.92296741529
29603.146599175885
-4195.360257931537
77012.93581927333
27398.653705301527
4656.6993265674
90199.4968173304
15244.572740703903
2796.7247099167957
75714.62822675922
15244.572740703903
2796.7247099167957
75714.62822675922
15244.572740703903
2796.7247099167957
75714.62822675922
15244.572740703903
2796.7247099167957
75714.62822675922
15244.572740703903
2796.7247099167957
75714.62822675922
29603.146599175885
-4195.360257931537
77012.93581927333
22876.360980283967
9085.485412163143
77084.02383178636
27398.653705301527
4656.6993265674
90199.4968173304
15244.572740703903
2796.7247099167957
75714.62822675922
14908.045097222102
1658.7453726178926
83074.09764394161
27740.473391720185
-3931.3820648738074
72167.16945124611
25506.874295252448
4335.170831060154
83971.54296561265
22876.360980283967
9085.485412163143
77084.02383178636
7129.557673716088
4247.018639802911
80756.59905689466
6759.133124417456
4026.3597942602682
76560.7950284312
15775.211473444591
-1345.201770623113
73832.56643558232
6621.719085028682
3944.5033855792294
75004.30429063714
10577.542619733982
-4226.881035501186
75928.79754194054
27411.454740525285
-3884.753515820182
71311.22354080286
6621.719085028682
3944.5033855792294
75004.30429063714
28108.267715116108
-3983.505905233096
73123.99073129111
10250.184536932102
5912.83517334814
69545.10783904893
29603.146599175885
-4195.360257931537
77012.93581927333
25795.713875099536
4384.262260567133
84922.43584682365
11099.402582880832
6402.707947231927
75306.85391996849
27411.454740525285
-3884.753515820182
71311.22354080286
3249.266829844354
-3718.5142476288065
69456.45984317544
9231.30755797148
-3688.913413298044
66265.11542566867
7129.557673716088
4247.018639802911
80756.59905689466
11255.018335382676
-4497.6064163798765
80791.92296741529
15775.211473444591
-1345.201770623113
73832.56643558232
1867.5925600857543
1118.0357550432982
68237.2746180257
3697.2811090725027
-4231.22913615362
79033.2312885263
15775.211473444591
-1345.201770623113
73832.56643558232
21606.20817304959
8581.036526639273
72804.12593424715
13538.757905721059
1506.3914739091658
75443.83511739799
21713.424337668515
8623.618076232447
73165.40076269391
27411.454740525285
-3884.753515820182
71311.22354080286
23655.20617865488
4020.4596863327115
77875.64007249067
12337.876360530829
-5193.024972004499
78090.95408349232
14908.045097222102
1658.7453726178926
83074.09764394161
29603.146599175885
-4195.360257931537
77012.93581927333
12214.213445611613
1359.0158804155158
68062.89850932604
13960.648706889344
1553.333202997331
77794.7937697746
15832.302198960057
1761.5829466001935
88224.45935918707
25795.713875099536
4384.262260567133
84922.43584682365
13960.648706889344
1553.333202997331
77794.7937697746
29603.146599175885
-4195.360257931537
77012.93581927333
29603.146599175885
-4195.360257931537
77012.93581927333
27457.30513081765
-3891.251436728651
71430.50387315013
6621.719085028682
3944.5033855792294
75004.30429063714
23655.20617865488
4020.4596863327115
77875.64007249067
21606.20817304959
8581.036526639273
72804.12593424715
20465.298461283008
3478.3001598438805
67374.09959187255
27411.454740525285
-3884.753515820182
71311.22354080286
12135.033524209883
1350.205917246445
67621.67362175224
13538.757905721059
1506.3914739091658
75443.83511739799
11298.142934964813
-4755.400093507192
71510.09909497187
13960.648706889344
1553.333202997331
77794.7937697746
21606.20817304959
8581.036526639273
72804.12593424715
21713.424337668515
8623.618076232447
73165.40076269391
12337.876360530829
-5193.024972004499
78090.95408349232
21366.482190034567
3631.4661404766757
70340.8993385925
21606.20817304959
8581.036526639273
72804.12593424715
5122.795848458193
669.2882919792696
71649.14020822589
25795.713875099536
4384.262260567133
84922.43584682365
21606.20817304959
8581.036526639273
72804.12593424715
27411.454740525285
-3884.753515820182
71311.22354080286
29603.146599175885
-4195.360257931537
77012.93581927333
27411.454740525285
-3884.753515820182
71311.22354080286
21606.20817304959
8581.036526639273
72804.12593424715
27398.653705301527
4656.6993265674
90199.4968173304
29603.146599175885
-4195.360257931537
77012.93581927333
27411.454740525285
-3884.753515820182
71311.22354080286
20465.298461283008
3478.3001598438805
67374.09959187255
15244.572740703903
2796.7247099167957
75714.62822675922
27457.30513081765
-3891.251436728651
71430.50387315013
20465.298461283008
3478.3001598438805
67374.09959187255
27411.454740525285
-3884.753515820182
71311.22354080286
27411.454740525285
-3884.753515820182
71311.22354080286
27411.454740525285
-3884.753515820182
71311.22354080286
27411.454740525285
-3884.753515820182
71311.22354080286
27411.454740525285
-3884.753515820182
71311.22354080286
27411.454740525285
-3884.753515820182
71311.22354080286
27411.454740525285
-3884.753515820182
71311.22354080286
27411.454740525285
-3884.753515820182
71311.22354080286
