4
5
8
11
21
25
34
63
71
82
83
84
85
86
87
88
89
90
91
92
93
94
95
96
97
98
99
100
101
102
103
104
105
106
108
113
115
116
117
118
119
120
121
122
124
126
128
133
134
135
136
137
139
140
141
142
143
144
145
146
148
149
150
151
153
154
155
156
158
159
160
161
164
165
167
168
169
170
171
172
173
175
176
177
179
180
181
182
183
186
188
189
190
191
192
193
194
195
196
197
199
200
202
203
204
205
206
207
208
211
213
214
215
216
217
219
220
221
222
223
224
225
227
228
229
231
232
233
235
236
238
239
240
241
242
243
246
247
249
250
252
253
254
255
256
257
258
259
260
261
263
264
265
266
267
269
270
271
272
273
274
275
276
277
279
280
281
282
283
284
285
287
288
289
290
291
294
295
296
297
298
299
300
301
302
303
304
305
306
307
308
309
310
311
312
313
314
315
316
317
318
319
320
321
322
323
324
327
328
330
332
334
335
336
337
338
339
340
341
342
344
345
346
347
348
349
350
351
352
353
354
355
356
357
358
359
360
361
362
363
364
366
367
373
376
377
378
389
390
414
423
434
437
444
447
456
458
470
478
483
492
496
503
511
512
520
523
531
0
1
2
3
4
5
10
11
22
49
50
54
63
65
71
75
82
83
84
85
86
87
88
89
90
91
92
93
94
95
96
97
98
99
100
101
102
103
104
105
106
108
109
110
111
112
113
114
115
116
118
119
120
121
122
125
127
128
129
130
131
132
135
137
138
139
141
142
143
145
146
147
148
149
152
154
155
157
159
160
161
162
163
164
165
166
167
169
170
172
174
175
176
177
178
179
180
181
182
183
185
186
187
188
189
190
191
192
193
194
196
198
201
202
203
204
205
206
207
208
209
210
212
213
214
215
216
218
219
221
222
223
224
225
226
227
229
230
232
233
234
235
236
237
238
240
241
242
243
245
246
247
248
249
250
251
252
254
256
257
258
260
261
262
264
267
270
272
273
274
275
277
278
279
280
282
283
284
286
288
289
290
292
293
295
297
298
299
300
302
303
304
305
306
307
308
309
311
312
314
316
317
318
319
320
322
324
325
329
330
331
332
333
336
337
338
339
340
341
342
344
345
346
347
348
349
350
351
352
353
354
355
358
359
360
361
362
363
364
365
366
370
371
372
373
374
375
376
377
378
379
390
391
395
402
406
413
422
428
437
446
447
449
455
460
461
463
465
470
471
478
503
506
512
520
522
526
531
537
538
545
556
0
1
2
3
4
5
25
33
50
54
55
63
66
71
72
74
82
84
85
86
89
92
93
95
96
97
98
99
101
107
108
109
112
113
114
115
116
117
119
120
122
123
127
129
130
138
139
140
141
142
147
148
149
152
154
155
156
159
161
162
163
164
165
166
167
168
169
170
171
172
173
174
176
177
178
179
181
182
183
184
186
187
188
189
190
191
192
194
196
197
199
200
201
202
203
204
205
207
208
209
211
212
214
216
218
219
221
223
224
227
228
229
230
231
234
235
236
237
240
241
242
243
245
249
250
252
254
256
258
261
262
263
264
267
268
270
273
274
275
276
277
278
279
280
282
283
284
285
288
289
290
291
292
297
300
302
303
304
305
306
307
309
311
312
313
315
317
318
319
320
321
323
324
325
326
330
331
332
333
334
335
336
338
339
340
344
345
346
347
350
351
354
356
357
359
362
363
364
366
367
372
373
374
376
378
379
380
381
382
383
384
385
386
387
388
389
390
391
392
394
395
402
409
438
439
440
441
442
447
449
460
471
478
503
504
507
510
511
512
520
526
536
537
539
543
0
2
3
4
5
19
22
28
33
34
48
49
50
51
52
53
54
55
56
64
69
71
72
74
82
85
86
89
93
95
96
99
108
109
110
111
112
113
114
115
116
119
120
122
128
130
135
137
139
141
146
147
148
154
155
157
159
160
161
162
163
164
165
166
168
169
172
173
175
176
177
179
181
182
183
184
187
188
189
190
192
193
194
196
198
201
202
203
204
205
206
208
210
211
212
214
218
219
220
221
222
223
225
226
227
228
229
230
231
232
233
234
235
236
237
238
239
240
241
242
243
248
249
250
252
253
254
256
258
260
261
262
265
268
269
270
275
276
277
278
279
280
282
289
290
292
293
295
297
299
302
303
305
306
307
310
311
313
314
317
318
319
321
322
323
325
328
330
332
333
334
335
336
337
339
340
344
346
347
349
350
351
354
364
365
366
367
370
371
373
375
378
379
380
383
385
387
388
389
390
398
400
402
403
404
405
406
407
408
410
411
413
416
423
436
437
438
440
441
442
445
460
470
471
478
503
504
505
510
511
513
520
538
545
556
1
2
3
4
5
9
10
22
30
33
34
49
50
51
53
55
63
64
66
69
71
74
82
84
85
86
88
89
93
95
96
99
106
107
108
109
110
111
112
113
114
115
117
119
120
121
122
123
126
128
129
130
131
135
136
139
141
142
145
147
149
153
154
155
156
158
159
160
161
162
163
164
166
168
169
171
172
175
176
177
179
181
183
184
185
186
187
188
190
192
196
199
200
202
203
204
205
206
208
209
212
214
218
219
222
223
224
226
227
228
229
230
233
235
236
237
239
240
241
242
243
245
246
249
250
251
252
254
255
256
257
258
260
261
267
268
269
270
271
273
275
276
277
278
279
280
282
283
285
286
288
289
290
291
292
293
294
295
299
302
305
306
307
310
311
312
314
315
317
318
320
322
326
327
330
331
332
334
335
336
340
342
344
345
346
347
349
351
354
364
365
366
367
368
369
370
373
374
375
381
382
384
385
389
390
395
402
403
404
405
406
410
412
413
414
415
416
439
440
442
445
448
455
460
470
471
476
478
482
497
503
504
510
520
539
544
1
2
3
4
5
11
49
50
52
55
61
64
71
72
76
77
78
79
80
81
82
86
89
93
99
109
112
114
115
116
117
119
120
123
124
133
137
139
140
141
142
143
145
149
150
152
154
155
159
160
161
162
163
164
165
166
167
168
169
170
171
172
174
175
176
179
180
181
182
183
187
188
190
192
196
197
198
200
201
203
205
206
208
209
211
212
214
219
220
222
223
226
227
228
229
230
231
233
234
235
236
237
240
241
242
243
245
249
252
254
255
256
257
258
259
260
261
265
267
269
270
271
273
274
276
277
278
279
280
282
283
284
286
289
290
291
292
295
302
303
304
305
306
307
310
311
312
313
314
315
317
318
321
322
324
325
326
330
331
332
333
334
336
337
339
340
344
346
347
350
351
352
354
359
366
368
369
379
382
384
385
390
391
392
393
394
395
396
397
398
399
400
406
407
408
411
412
413
414
415
416
438
458
503
504
510
1
2
3
4
6
7
8
9
10
11
12
13
14
15
16
17
18
45
46
47
48
50
55
56
65
67
68
70
73
75
76
80
82
85
86
89
103
108
109
113
114
116
119
120
122
124
126
128
130
137
138
139
140
141
142
145
146
148
149
154
155
159
160
161
162
163
164
165
166
169
170
171
172
173
175
176
177
179
181
183
184
185
187
188
189
190
191
192
195
196
197
200
202
203
204
206
208
216
218
220
222
223
226
227
228
229
230
234
235
236
237
240
241
242
243
245
248
249
252
254
255
258
259
260
261
264
265
269
272
273
274
276
277
278
279
282
283
284
289
290
291
292
294
295
297
298
301
302
303
305
306
307
310
312
314
316
317
318
319
322
323
324
325
326
328
329
330
332
334
335
336
337
339
340
342
344
349
350
351
352
354
358
359
364
366
367
374
377
384
389
390
391
395
401
406
409
416
445
447
454
470
503
504
505
2
4
8
9
10
12
15
16
32
33
47
48
50
51
52
54
55
56
62
63
69
73
74
82
84
85
86
89
94
104
109
113
114
115
116
117
119
120
122
123
124
127
128
130
131
132
137
139
140
141
142
143
144
145
149
151
154
155
159
161
162
163
165
166
168
169
171
172
175
176
177
179
180
181
183
185
187
188
189
190
192
193
195
196
197
199
200
201
202
203
205
208
211
219
222
223
226
228
230
231
235
236
237
239
240
241
242
243
245
246
248
249
251
254
258
259
261
264
266
267
269
274
275
276
277
278
279
282
283
284
288
289
290
292
295
296
298
301
302
303
304
305
306
307
310
311
312
313
314
315
316
317
318
320
322
328
329
330
332
334
335
336
337
339
340
342
344
345
346
347
351
354
356
358
359
365
366
367
374
382
384
386
390
394
399
402
406
409
410
412
415
421
438
445
452
453
454
455
456
457
458
471
483
484
494
504
510
520
539
0
4
6
7
13
14
15
17
18
33
47
50
56
62
63
65
67
71
76
80
82
85
86
89
107
109
114
115
116
117
119
120
122
123
126
128
129
130
133
136
138
139
140
142
144
145
148
155
159
161
162
164
165
166
168
169
170
171
172
175
176
177
179
180
182
183
186
188
190
191
192
194
196
197
200
201
205
208
210
211
212
216
219
220
223
224
227
228
229
230
233
235
236
237
240
241
242
243
245
246
248
258
261
264
265
266
269
270
274
275
277
279
282
283
284
286
288
289
290
292
296
297
298
299
302
303
304
305
306
307
308
313
314
315
316
318
320
321
322
324
325
330
332
333
335
339
340
341
342
343
344
346
347
350
351
354
358
366
367
374
381
383
390
391
393
397
400
408
409
413
423
438
443
447
452
453
457
459
460
461
462
463
464
470
471
497
502
503
504
505
506
507
508
510
511
513
519
520
523
525
552
3
4
10
11
12
15
33
45
46
47
50
56
60
62
63
64
76
80
81
82
85
86
88
109
113
114
115
116
119
120
121
122
123
126
127
128
129
130
131
137
139
140
142
145
146
149
151
154
155
156
159
161
162
164
165
166
168
169
170
171
172
176
177
179
181
182
183
184
185
186
188
190
192
196
197
198
201
202
204
205
208
209
210
216
218
219
222
223
224
229
233
235
237
241
242
243
245
248
258
260
264
265
268
269
270
274
277
279
282
283
287
290
296
298
299
301
302
303
305
306
307
310
311
314
315
317
318
321
322
325
326
327
330
331
332
333
334
336
337
339
340
341
343
346
350
351
353
354
357
358
383
386
388
389
390
392
400
401
402
404
406
409
413
439
447
449
450
451
455
457
460
461
464
470
485
495
498
499
500
501
502
504
505
506
511
514
519
3
4
8
10
11
14
15
33
47
50
57
58
59
60
62
63
65
69
70
71
79
80
82
85
86
89
106
113
114
116
119
120
121
122
123
127
128
129
130
139
140
141
142
145
149
151
154
155
157
159
161
162
163
164
165
166
167
168
169
170
171
172
174
175
176
177
179
180
181
183
184
186
188
190
192
194
196
197
199
201
202
203
208
209
210
212
219
222
223
231
232
235
237
240
241
242
243
245
246
251
253
254
258
264
265
269
270
273
275
276
277
278
279
281
285
287
288
289
290
296
297
298
301
302
303
304
305
306
307
310
311
313
314
317
318
322
325
326
330
332
336
337
339
340
341
342
343
346
351
352
354
358
359
365
366
374
382
388
391
392
396
404
406
409
424
425
438
443
444
445
446
447
450
455
458
460
461
472
478
481
494
498
499
500
501
503
504
508
509
510
519
536
4
12
15
24
25
33
36
47
50
57
63
64
68
70
80
82
89
106
113
116
117
119
120
123
125
128
129
136
139
141
142
143
144
154
157
159
161
162
163
164
165
166
168
169
171
172
175
176
177
179
180
181
183
186
188
190
192
194
196
197
198
199
202
203
204
208
210
211
216
218
219
222
223
224
228
229
232
234
235
236
237
240
241
242
243
245
246
248
254
255
258
259
260
261
264
267
269
270
271
274
275
277
278
282
283
284
288
290
295
297
302
303
304
305
306
307
310
311
312
314
316
317
320
321
322
325
326
327
328
329
330
332
333
336
339
340
341
343
346
347
349
350
351
352
354
359
366
367
383
390
393
400
402
404
406
409
413
423
424
425
447
451
459
460
461
465
467
469
470
471
472
479
480
481
482
483
484
487
488
489
490
494
495
496
501
503
504
509
511
514
517
520
521
522
526
528
529
541
542
546
553
556
4
15
18
28
29
30
31
32
33
36
46
47
50
57
63
70
71
80
82
85
89
116
117
119
120
122
123
128
129
130
136
139
140
141
142
144
151
154
156
161
162
163
165
166
167
169
170
171
172
175
176
177
179
180
181
182
183
184
186
188
190
191
192
194
196
197
199
202
203
204
205
208
209
211
216
218
219
223
224
228
234
237
241
242
243
245
246
248
251
254
258
259
260
261
264
265
269
276
277
278
282
283
284
285
288
290
294
297
301
302
303
304
305
306
310
314
317
319
322
325
327
328
329
330
331
332
333
335
336
337
339
340
341
343
346
347
350
351
354
358
359
366
369
374
383
390
391
400
406
409
413
421
423
434
435
437
439
447
451
455
460
461
466
467
468
471
472
476
477
479
480
481
482
483
484
485
486
487
488
489
493
494
503
509
522
525
528
529
549
552
553
556
4
12
15
25
29
31
32
33
38
40
45
47
50
60
61
64
67
71
76
78
80
82
89
116
119
120
122
123
125
127
129
130
136
137
139
140
142
144
151
154
155
159
161
162
163
165
166
167
168
169
170
171
172
173
175
176
177
179
181
183
184
185
188
190
191
192
194
196
197
198
202
203
205
208
210
211
214
219
223
224
228
229
232
235
236
240
241
242
243
245
246
251
254
258
264
265
266
268
269
271
274
275
276
277
282
283
290
295
298
302
303
305
306
310
312
313
314
316
317
322
327
330
332
333
336
339
340
343
346
347
351
354
359
365
366
367
369
371
374
382
383
390
400
401
409
413
436
438
447
448
450
459
460
462
470
471
472
473
475
476
480
487
491
492
493
494
495
497
500
503
504
509
520
522
526
528
529
531
4
15
21
26
27
35
37
45
47
61
71
76
79
81
82
111
112
113
116
119
120
121
122
123
128
130
136
139
141
142
144
149
151
154
155
156
159
161
162
164
165
166
167
168
169
170
172
174
175
176
177
181
182
183
186
188
190
192
195
196
197
202
204
205
208
209
211
212
216
218
219
224
228
231
234
236
237
240
241
243
245
246
248
254
258
260
261
263
264
265
269
276
278
279
282
284
288
290
291
295
296
297
298
302
303
305
306
310
313
314
317
319
321
322
325
330
332
335
340
343
349
350
351
352
353
354
358
366
390
406
409
411
413
417
418
419
420
421
422
423
424
425
426
453
460
468
470
473
475
477
479
480
486
487
491
493
503
504
515
516
517
518
520
525
526
528
529
537
538
542
548
550
4
15
21
22
23
24
25
29
37
41
46
47
50
59
60
71
77
78
80
82
89
106
113
116
119
120
122
123
129
139
144
154
158
159
161
162
163
164
165
166
167
168
169
171
174
175
176
180
181
182
183
185
186
188
190
191
195
196
197
204
205
208
210
211
212
216
219
224
228
233
235
236
237
241
243
245
246
254
257
258
259
260
261
264
265
267
274
276
277
278
279
282
283
284
288
290
296
297
302
305
306
310
311
313
314
317
322
325
330
332
340
343
349
351
354
358
359
366
374
390
406
417
419
420
425
426
427
428
429
430
431
432
433
434
435
436
437
455
460
461
467
471
475
476
477
480
486
491
503
504
518
519
524
526
527
528
529
532
535
539
540
552
553
557
4
12
15
21
23
25
34
37
41
46
47
50
58
59
71
76
80
82
89
110
113
116
117
119
120
122
128
129
130
138
139
140
142
144
149
152
154
155
157
158
159
161
162
163
164
165
166
169
170
173
174
175
176
180
181
182
183
184
185
186
188
190
194
196
197
204
205
208
209
216
217
224
228
229
233
234
235
236
237
240
241
243
245
246
254
257
258
260
261
266
276
281
282
283
285
288
290
291
295
296
299
301
302
303
305
306
310
311
313
314
317
319
321
322
325
326
330
332
340
343
349
350
351
353
354
358
359
366
374
390
391
400
409
413
418
419
426
427
429
430
431
432
433
436
437
455
460
461
470
471
474
475
476
480
486
490
491
503
504
516
519
521
522
523
524
525
526
527
528
529
533
534
535
536
537
539
552
553
555
557
558
4
12
15
22
25
36
38
39
40
41
42
43
44
47
50
58
60
61
69
71
82
89
113
116
117
119
120
122
128
129
136
139
140
142
144
157
159
161
162
163
164
165
166
167
168
169
170
173
175
176
181
182
183
184
186
188
190
192
196
197
204
205
208
209
210
211
217
219
224
228
229
233
234
240
241
243
244
245
246
254
255
258
260
261
265
266
276
277
279
282
288
290
291
295
298
299
301
302
305
306
311
313
314
317
322
326
327
328
330
332
340
343
349
351
353
354
359
366
369
374
400
401
402
406
408
409
413
418
419
426
455
460
466
470
471
472
475
476
480
486
487
488
491
492
501
503
504
506
519
526
528
529
532
533
534
543
546
547
551
552
554
555
558
559
560
561
562
563
564
565
566
4
12
15
19
20
21
22
23
36
39
40
41
42
43
44
47
50
58
69
82
89
113
116
119
120
122
128
129
134
136
140
142
149
153
154
157
159
161
162
164
165
166
167
168
169
175
176
182
183
186
188
190
192
194
196
197
204
205
208
209
210
211
217
218
219
224
228
231
233
234
235
236
237
240
241
243
244
245
248
253
254
257
258
259
260
261
265
266
276
278
279
283
288
290
294
298
299
301
302
305
306
313
314
322
328
330
331
332
335
340
343
350
351
354
358
359
366
368
374
390
406
409
411
418
419
455
460
468
469
471
474
475
476
486
487
493
501
503
515
517
528
530
533
540
541
544
547
551
557
4
12
15
20
21
26
27
29
35
36
37
38
41
46
47
50
57
69
71
77
78
82
116
117
119
120
122
128
130
133
142
150
151
154
155
159
161
162
163
165
166
168
169
170
171
174
175
176
180
181
183
184
185
186
188
190
192
194
196
197
204
208
209
217
218
219
222
228
229
232
234
235
236
237
239
241
243
244
254
255
257
258
260
261
276
277
282
283
288
290
294
295
298
302
305
306
311
317
319
321
325
328
330
331
332
340
343
350
351
354
358
359
366
367
374
382
390
391
402
406
407
413
417
419
426
427
428
431
440
453
460
470
471
475
476
479
486
491
499
501
503
506
518
522
528
529
530
535
548
549
550
553
554
557
559
560
561
562
563
564
565
566
