572.400024
446.400024
495.600006
118.800003
130.0
282.0
128.400009
147.600006
295.200012
39.600002
207.0
50.0
249.12001
272.160004
133.919998
142.560013
369.792023
36.288002
345.600006
343.200012
54.0
325.0
531.600037
321.600006
126.000008
315.600006
104.0
251.0
177.600006
300.0
178.0
300.0
494.479065
107.495445
38.0
292.0
85.0
290.0
43.0
32.0
45.0
98.0
62.0
32.0
51.840004
207.360016
65.691658
280.682556
39.0
245.0
56.733707
268.738617
67.184647
89.579529
56.0
212.0
68.400002
88.800003
74.400002
62.400002
82.800003
122.400002
79.488007
32.832005
77.137932
84.60289
373.0
451.0
104.509453
92.067856
183.0
230.0
88.800003
62.400002
228.000015
228.000015
217.0
237.0
68.400002
32.400002
331.0
146.0
328.0
140.0
308.0
268.0
225.0
148.0
158.0
75.0
133.0
59.0
308.400024
61.200001
306.0
103.0
370.800018
68.400002
43.200001
38.400002
191.0
49.0
171.600006
43.200001
177.984024
146.88002
255.0
148.0
165.0
194.0
310.0
200.0
109.0
216.0
224.0
101.0
100.800003
38.400002
87.0
92.0
134.0
101.0
381.600006
205.200012
404.0
32.0
391.200012
128.400009
394.800018
79.200005
211.0
385.0
239.0
365.0
175.0
418.0
250.0
272.0
286.559998
329.76001
57.0
249.0
558.0
396.000031
506.0
408.0
326.0
368.0
458.0
356.0
375.600006
422.400024
525.600037
277.200012
547.0
333.0
253.200012
103.200005
160.0
241.0
387.600006
144.0
309.600006
199.200012
327.600006
140.400009
154.800003
231.600006
136.800003
93.600006
318.0
103.200005
295.0
105.0
241.920013
223.200012
344.400024
190.800003
253.200012
55.200001
325.200012
367.200012
603.360046
253.440002
587.520081
380.160034
518.400024
405.600006
505.440033
407.52002
71.0
150.0
238.800003
102.000008
172.800003
93.600006
525.600037
276.480011
237.600006
53.280003
163.200012
48.0
94.0
54.0
162.0
146.400009
148.800003
142.800003
291.600006
283.200012
282.0
150.0
56.400002
248.400009
38.880001
246.240005
306.0
230.400009
321.120026
106.560005
134.400009
102.000008
127.200005
102.000008
129.0
96.0
180.0
192.960007
381.600006
159.840012
360.0
64.0
122.400002
325.440002
54.000004
325.200012
273.600006
398.880005
155.52002
231.552017
207.360016
50.400002
51.840004
256.320007
84.672005
57.024006
280.800018
59.040001
252.288025
55.296005
274.752014
399.16803
224.640015
274.752014
196.99202
276.480042
237.600006
364.320007
443.52002
257.76001
70.560005
148.320007
586.080017
370.080017
268.0
267.0
292.320007
257.76001
136.800003
93.600006
306.720001
228.960007
223.200012
100.800003
129.600006
195.840012
86.400002
90.720001
44.640003
97.920006
127.872009
36.288002
257.76001
106.560005
293.76004
105.408012
226.080002
48.960003
57.600002
247.680008
378.432037
176.256012
328.320007
139.680008
357.120026
109.440002
348.480011
92.160004
324.864044
368.064026
174.528015
418.176025
238.464035
53.913609
221.184021
51.840004
194.400009
70.560005
174.528015
74.304008
160.70401
146.88002
169.344009
41.472004
144.0
43.200001
171.072021
32.832005
150.336014
39.744003
207.360016
50.112003
186.624023
43.200005
254.016022
148.608017
238.46402
101.952011
238.464035
362.880066
49.766407
165.888031
428.544037
254.016022
557.798462
393.98407
279.936035
265.420837
246.758438
95.385612
381.888031
205.632019
357.696045
108.864014
348.364838
103.680016
101.606415
39.398407
439.603271
400.204865
392.256042
89.85601
321.408051
105.753616
355.332153
86.593552
203.21283
93.312012
176.256027
97.459213
362.880066
70.502411
196.992035
275.788849
49.766407
169.20578
396.057648
70.502411
219.801636
232.243225
181.647385
223.948837
166.717468
236.390427
308.551727
228.925476
493.516876
114.048019
134.784012
141.004822
89.16481
120.268814
44.928005
98.49601
252.979233
101.606415
369.100861
107.827217
194.088989
174.182419
223.948837
146.810898
209.018906
146.810898
99.532814
82.114571
176.256027
124.416016
587.243591
380.713013
101.606415
250.90564
266.11203
349.05603
131.880981
87.091209
231.413788
106.997772
223.948837
99.532814
104.509453
69.672974
84.60289
69.672974
281.180206
149.299225
253.80867
144.322586
268.738586
238.878754
325.969971
146.810898
109.486099
149.299225
273.71524
97.044495
156.764175
231.413788
141.834259
231.413788
114.462738
47.278088
153.446426
141.004822
292.626495
253.808685
149.299225
235.892776
131.383316
86.593552
101.523476
250.822708
92.565521
247.836716
164.229156
223.948837
158.257187
95.551506
149.299225
280.682556
355.332153
80.621582
300.987244
232.906799
334.430267
134.369308
308.153625
207.824539
343.985443
118.244995
512.394958
404.899536
154.0
425.0
592.0
412.0
420.0
401.0
495.0
400.0
494.208038
399.16803
159.0
377.0
158.976013
376.704041
159.667221
375.321655
159.252502
375.736359
585.600037
370.800018
325.440002
367.200012
198.0
363.0
43.200001
31.68
456.855652
140.341278
69.120003
38.880001
39.398407
246.758438
122.0
42.0
266.400024
348.480011
87.0
41.0
159.840012
125.280006
177.12001
50.400002
176.256012
84.672005
112.320007
200.448013
148.608017
141.696014
88.800003
250.800003
111.974419
199.065628
494.479065
136.160904
126.904335
146.810898
146.880005
280.800018
582.0
439.0
145.152008
89.85601
492.687439
111.974419
144.0
43.0
153.792007
57.024006
159.667221
95.385612
198.000015
276.0
224.400009
274.800018
95.040009
43.200005
101.952011
69.12001
110.400002
56.400002
105.120003
36.0
571.0
445.0
494.0
119.0
120.960014
60.480007
126.720001
146.880005
203.0
47.0
48.0
164.400009
499.0
129.0
79.200005
33.120003
134.784012
141.696014
129.392654
196.577301
369.792023
34.560005
74.880005
53.280003
343.87204
343.87204
54.0
324.0
530.0
322.0
123.840004
315.360016
100.800003
250.800003
176.400009
300.0
176.0
300.0
490.895874
103.91227
37.0
292.0
85.0
290.0
42.0
32.400002
44.400002
98.400002
61.0
32.0
50.112003
207.360016
68.677643
277.696564
38.0
246.0
56.733707
268.738617
67.184647
92.067856
54.0
213.0
67.200005
88.800003
74.400002
62.400002
81.600006
122.400002
77.76001
32.832005
74.649612
87.091209
373.0
452.0
104.509453
92.067856
452.0
47.0
304.800018
435.600006
385.200012
434.400024
386.0
434.0
182.0
230.0
122.0
62.0
88.0
62.0
227.0
228.0
67.200005
32.400002
330.0
146.0
327.0
140.0
308.0
267.0
224.0
148.0
158.0
63.0
156.0
44.0
307.200012
62.400002
294.0
61.0
280.0
59.0
136.0
143.0
160.0
131.0
42.0
36.0
171.0
43.0
238.800003
157.200012
177.12001
146.880005
163.200012
194.400009
310.0
198.0
108.000008
216.000015
98.400002
38.400002
86.0
91.0
48.0
90.0
133.0
102.0
381.600006
208.800003
392.400024
84.0
210.000015
386.400024
237.0
365.0
230.0
274.0
285.120026
329.76001
56.0
249.0
556.800049
396.000031
529.0
438.0
489.0
459.0
504.0
408.0
324.0
366.0
440.0
401.0
456.0
355.0
524.400024
276.0
547.200012
333.600006
158.400009
240.000015
368.640015
151.200012
309.600006
198.000015
327.600006
139.200012
153.600006
231.600006
65.0
56.0
135.600006
93.600006
316.800018
103.200005
294.0
105.600006
241.200012
223.200012
342.720001
190.080002
262.080017
53.280003
252.000015
55.200001
64.800003
36.0
324.0
366.0
603.360046
253.440002
587.520081
380.160034
518.400024
405.600006
504.000031
408.000031
70.800003
150.0
237.600006
102.000008
523.584045
276.480042
170.400009
42.0
127.0
38.0
160.800003
146.400009
148.320007
142.560013
289.200012
283.200012
280.800018
150.0
56.400002
248.400009
37.440002
246.240005
304.800018
230.400009
267.600006
193.200012
368.400024
109.200005
156.960007
273.600006
133.200012
102.000008
127.200005
102.000008
127.0
97.0
180.0
193.200012
277.200012
100.800003
358.800018
63.600002
54.000004
324.0
273.600006
400.320007
154.080002
231.840012
205.632019
50.112003
50.400002
256.320007
84.960007
69.120003
83.520004
56.160004
250.560028
55.296005
83.0
38.0
226.02243
273.71524
197.280014
276.480011
210.240005
385.920013
237.600006
364.320007
442.080017
257.76001
528.480042
437.76001
70.560005
149.76001
267.840027
267.840027
290.880005
257.76001
135.360001
93.600006
305.279999
230.400009
208.800003
146.880005
222.912018
100.224007
129.600006
195.840012
210.240005
192.960007
84.960007
90.720001
43.200001
99.360001
155.520004
44.640003
126.144012
36.288002
293.76004
105.408012
56.160004
249.12001
378.720001
175.680008
328.320038
139.968018
347.040009
93.600006
323.136017
366.336029
53.280003
324.0
236.390427
53.913609
174.528015
74.304008
167.616013
41.472004
167.616013
34.560005
150.336014
39.744003
205.286423
49.766407
184.896011
43.200005
236.736023
101.952011
209.088013
385.344025
236.390427
365.783081
48.384003
165.888016
557.798462
393.98407
277.862427
265.420837
247.104019
98.49601
336.960022
69.12001
346.29126
105.753616
101.606415
39.398407
438.912048
400.896027
93.312012
51.840008
76.723213
41.472008
352.346191
89.579536
174.528015
96.768005
364.953644
72.576012
196.992035
275.788849
47.692806
165.888031
219.801636
232.243225
180.403229
226.02243
167.961624
234.316833
306.892853
228.096039
493.516876
116.121613
131.880981
139.345947
87.091209
120.268814
43.545605
99.532814
369.100861
109.900818
194.088989
169.20578
209.018906
146.810898
176.256027
126.489616
587.243591
380.713013
101.606415
250.90564
265.420837
348.364838
134.369308
92.565521
221.46051
99.532814
84.60289
69.672974
278.691895
57.231369
144.322586
281.180206
268.738586
238.878754
266.250275
191.600662
325.969971
146.810898
139.345947
189.11235
154.275864
231.413788
141.834259
231.413788
114.462738
47.278088
151.787537
139.345947
292.626495
253.808685
149.299225
235.892776
126.904335
89.579529
98.537491
253.808685
89.579544
247.239532
164.229141
216.483871
158.257187
95.551506
146.313248
280.682556
355.332153
83.607567
300.987244
232.906799
329.65271
139.74408
308.153625
204.241348
343.985443
118.244995
508.811798
404.899536
153.0
426.0
493.200012
398.400024
493.516876
398.131256
159.0
377.0
158.976013
376.704041
159.667221
375.321655
159.252502
375.736359
586.0
370.0
352.0
106.0
324.0
365.76001
469.200012
218.400009
306.720001
31.68
124.0
315.0
41.472004
34.560005
462.0
139.0
69.120003
285.120026
456.855652
137.355286
67.68
40.32
38.016003
247.104019
51.840004
217.728027
264.384033
349.05603
546.048035
333.504028
86.400002
41.760002
509.0
405.0
570.0
445.200012
519.56134
262.766632
161.0
99.0
514.0
406.0
174.528015
84.672005
127.0
147.0
148.608017
141.696014
102.240005
57.600002
367.027252
51.840008
558.0
396.0
210.0
386.0
470.0
219.0
372.960022
450.720032
492.687439
140.341278
370.800018
36.0
126.489616
147.225616
492.687439
111.974419
197.0
276.0
152.064011
57.024006
157.593628
95.385612
280.0
266.0
175.0
97.0
224.400009
274.800018
217.440002
47.52
219.0
49.0
438.939728
400.121918
293.0
253.0
90.720001
41.760002
97.459213
68.42881
106.0
56.0
100.0
36.0
567.0
443.0
490.0
120.0
202.0
50.0
131.0
94.0
495.0
129.0
74.880005
31.68
84.672005
62.208008
129.600006
141.696014
184.896011
32.832005
366.336029
34.560005
60.480007
34.560005
63.360001
90.720001
339.600006
344.400024
525.600037
321.600006
120.000008
316.800018
96.0
252.000015
487.312714
100.329086
38.0
31.0
41.0
100.0
44.928005
207.360016
62.705677
277.696564
33.0
247.0
56.733707
265.752625
62.208008
89.579529
63.600002
91.200005
129.600006
282.240021
99.532814
92.067856
448.0
48.0
382.800018
434.400024
178.0
230.0
118.0
60.0
84.0
62.0
223.0
229.0
211.200012
240.000015
326.0
146.0
323.0
140.0
220.0
148.0
154.0
96.0
152.400009
44.400002
290.0
61.0
277.0
59.0
235.200012
158.400009
173.0
147.0
249.600006
148.800003
159.0
195.0
306.0
198.0
44.0
90.0
129.0
101.0
378.0
208.800003
388.800018
85.200005
205.200012
386.400024
234.0
366.0
169.0
420.0
282.0
332.400024
552.0
396.000031
524.0
438.0
485.0
459.0
500.0
408.0
320.0
368.0
434.0
401.0
452.0
355.0
370.0
424.0
520.0
278.0
542.0
333.0
248.400009
103.200005
156.960007
237.600006
381.600006
145.200012
362.880005
151.200012
324.0
139.200012
150.0
231.600006
60.0
55.0
131.040009
93.600006
290.400024
105.600006
236.400009
224.400009
339.840027
190.080002
314.400024
194.400009
247.200012
55.200001
60.0
36.0
319.680023
367.200012
599.040039
253.440002
582.33606
380.160034
514.0
406.0
499.680023
407.52002
234.000015
100.800003
519.840027
276.480011
231.840012
53.280003
158.400009
48.0
88.800003
52.800003
123.600006
38.400002
156.960007
146.880005
142.0
142.0
285.600006
284.400024
277.200012
150.0
33.600002
244.800003
301.200012
231.600006
264.960022
192.960007
315.360016
106.560005
152.400009
274.800018
122.400002
102.000008
175.200012
194.400009
273.600006
100.800003
355.200012
63.600002
48.0
325.0
150.336014
231.552017
201.600006
48.960003
78.796814
55.987209
276.480042
58.752007
247.680008
56.160004
77.760002
37.440002
269.568024
400.896027
205.920013
385.920013
233.280014
365.76001
439.603271
257.126434
522.720032
437.76001
264.384033
267.840027
286.848022
257.472015
131.328018
93.312012
300.960022
230.400009
203.904022
148.608017
81.216011
91.584007
39.744003
98.49601
122.688011
36.288002
290.304016
105.408012
51.840004
248.832031
324.0
139.680008
319.334442
367.027252
47.52
325.440002
169.344009
419.904053
231.552017
53.568005
169.344009
74.304008
129.600006
150.336014
164.160019
41.472004
146.88002
38.016003
201.139221
49.766407
181.440018
43.200005
248.832031
148.608017
233.280029
101.952011
205.632019
387.072021
234.316833
364.953644
43.200005
164.160019
553.651306
393.98407
273.71524
265.420837
240.537628
95.385612
376.704041
209.088013
343.388214
102.021133
97.459213
39.398407
433.728027
400.896027
388.800049
86.400009
89.16481
51.840008
171.360001
96.480003
43.545605
165.888031
215.654434
232.243225
176.670746
226.437149
161.740829
236.390427
302.745636
230.169632
489.369659
116.121613
128.563217
141.004822
39.398407
99.532814
364.953644
109.900818
190.771225
170.035217
219.801636
147.225616
93.312012
87.091209
584.75531
378.224701
97.459213
250.90564
261.273651
348.364838
126.904335
87.091209
226.437149
106.997772
97.044495
69.672974
79.626251
69.672974
276.203552
57.231369
246.343719
54.74305
262.766632
238.878769
263.761963
191.600662
323.481659
139.345947
134.369293
189.11235
104.509453
146.810898
268.738586
94.556175
149.299225
231.413788
109.486099
47.278088
149.299225
139.345947
286.65451
253.808685
95.551506
253.808685
83.607567
253.808685
158.257187
220.96286
152.285217
95.551506
295.612457
235.892776
326.069519
139.74408
505.228607
404.899536
585.600037
411.600006
414.000031
400.800018
489.024048
399.16803
158.976013
376.704041
159.252502
375.736359
582.0
370.0
319.680023
368.064026
194.0
363.0
120.0
316.0
36.0
33.120003
458.0
139.0
455.064056
139.74408
33.120003
246.240005
44.928005
219.456024
48.0
325.200012
482.0
312.0
301.0
291.0
361.440002
72.0
68.0
284.0
48.0
219.600006
283.668549
283.668549
85.0
85.0
98.0
59.0
116.0
41.0
260.92804
350.784027
541.440002
332.640015
87.0
296.0
81.600006
40.800003
82.944008
41.472004
504.000031
404.400024
365.0
30.0
547.0
433.0
212.0
408.0
211.680008
407.52002
205.286423
385.689667
36.288002
32.832005
143.424011
141.696014
98.400002
57.600002
553.0
396.0
367.200012
36.0
121.927696
146.810898
487.710785
114.462738
508.811798
229.323624
126.0
144.0
118.195213
248.832031
139.0
46.0
146.88002
57.024006
153.446426
95.385612
171.0
97.0
453.0
82.0
211.680008
47.52
170.0
65.0
320.400024
368.400024
84.672005
41.472004
101.0
55.0
96.0
34.800003
560.400024
441.600006
484.800018
118.800003
576.0
408.000031
195.0
47.0
515.52002
385.920013
126.0
93.0
240.192017
271.296021
575.424072
368.064026
38.0
163.0
491.0
128.0
62.208008
62.208008
54.0
84.0
72.0
62.0
69.600006
32.400002
79.488007
62.208008
75.0
68.0
110.400002
248.400009
344.400024
105.600006
361.152039
34.560005
53.568005
34.560005
57.600002
89.280006
338.0
343.0
115.0
316.0
91.0
252.0
483.729523
100.329086
34.0
98.0
39.744003
207.360016
59.719692
277.696564
58.060806
89.16481
93.312012
93.312012
443.0
48.0
296.400024
435.600006
378.0
433.200012
379.0
434.0
173.0
229.0
113.0
61.0
78.0
61.200001
219.0
228.0
322.0
146.0
319.0
140.0
216.0
148.0
298.800018
61.200001
272.0
59.0
32.0
35.0
162.0
42.0
169.0
146.0
155.0
194.0
76.800003
91.200005
37.0
89.0
124.0
101.0
202.0
386.0
230.0
365.0
222.0
274.0
277.862427
329.702454
46.0
249.0
547.200012
393.600006
520.0
437.0
481.0
457.0
495.0
406.0
316.0
366.0
430.0
400.0
366.0
422.400024
516.0
277.0
151.0
239.0
378.0
145.200012
301.200012
198.000015
319.200012
139.200012
145.200012
231.600006
126.720001
93.600006
286.0
105.0
232.800003
223.200012
336.0
190.0
310.0
195.0
54.000004
34.800003
315.360016
365.76001
594.432068
252.288025
578.534485
377.395264
494.400024
405.600006
60.000004
148.800003
230.400009
102.000008
514.944031
276.480042
160.800003
42.0
118.080002
37.440002
151.200012
145.440002
137.0
143.0
283.0
283.0
272.400024
150.0
46.080002
249.12001
297.600006
230.400009
360.0
110.400002
312.0
106.800003
147.600006
274.800018
117.600006
102.000008
268.800018
100.800003
350.400024
63.600002
112.0
327.0
44.0
326.0
266.400024
398.400024
145.152008
231.552017
40.32
256.320007
74.400002
68.400002
74.0
55.0
270.720001
59.040001
243.648026
55.296005
73.200005
37.200001
266.400024
398.880005
216.000015
273.600006
187.200012
276.480011
201.600006
385.920013
228.960007
364.320007
433.440002
257.76001
520.128052
437.184052
59.040001
148.320007
576.0
367.200012
258.0
266.400024
283.392029
257.472015
126.000008
93.600006
297.216034
229.82402
203.040009
192.960007
76.32
90.720001
33.600002
98.400002
117.504013
36.288002
247.680008
106.560005
286.559998
105.120003
46.656006
248.832031
319.680023
139.680008
338.400024
93.600006
316.016693
365.783081
43.200001
325.440002
212.544022
51.840004
124.416016
150.336014
152.064011
145.152008
159.840012
41.760002
177.12001
43.200001
245.376022
146.88002
229.82402
101.952011
202.176025
387.072021
228.096024
364.608032
38.016003
164.160019
547.430481
393.154602
93.312012
39.398407
431.308868
398.131256
82.944016
51.840008
66.355209
41.472008
343.388214
89.579536
165.888016
96.768005
186.624023
275.788849
211.507233
232.243225
171.694107
223.948837
301.086761
228.925476
485.222473
116.121613
124.416016
138.931213
244.68483
101.606415
360.806458
109.900818
215.654434
147.225616
199.065628
146.810898
576.295044
379.220032
92.067856
251.320358
257.126434
348.364838
221.46051
106.997772
211.507233
99.532814
93.312012
68.42881
271.226929
57.231369
243.855392
144.322586
259.78067
238.878769
318.505005
144.322586
129.392654
189.11235
99.532814
146.810898
265.420837
97.459213
146.810898
231.413788
131.880981
231.413788
143.078415
141.004822
283.668549
253.808685
89.579536
253.808685
154.275864
223.948837
149.299225
95.551506
343.985443
89.579544
290.237701
232.906799
319.500336
137.355286
501.645416
406.093903
576.0
369.0
344.0
106.0
315.187256
364.953644
189.0
363.0
460.800018
218.400009
298.080017
31.68
31.200001
34.800003
58.800003
282.0
28.800001
250.560013
41.472004
219.456024
43.200001
325.200012
357.120026
72.0
40.800003
220.800003
79.0
85.0
92.0
58.0
111.0
41.0
258.0
349.200012
99.532814
53.913609
514.252869
265.420837
500.400024
403.200012
160.0
377.0
315.600006
366.0
114.048012
316.22403
561.0
441.0
542.400024
430.800018
481.0
429.0
56.400002
31.200001
266.11203
399.16803
513.589355
268.738617
85.017609
41.472008
149.76001
125.280006
166.0
82.0
165.888016
82.944008
543.0
431.0
207.360016
407.52002
201.139221
385.689667
31.68
34.560001
113.760002
97.920006
548.0
394.0
483.729492
140.341278
362.400024
36.0
117.504013
143.424011
482.734161
111.974419
505.228607
232.906799
93.0
39.0
111.974419
246.758438
134.0
45.0
152.639999
47.52
148.608017
95.040009
211.0
49.0
429.981781
400.121918
285.0
253.0
89.85601
69.12001
97.200005
55.200001
92.160004
34.560001
557.0
439.0
482.400024
118.800003
89.16481
58.060806
109.440002
59.040001
191.0
46.0
120.000008
282.0
123.0
92.0
236.736023
271.296021
33.600002
164.400009
488.0
128.0
62.208008
60.480007
68.0
61.0
76.032005
62.208008
122.400002
141.12001
108.000008
248.400009
177.984024
32.832005
340.800018
105.600006
357.696045
36.288002
53.568005
89.85601
333.600006
343.200012
516.960022
319.680023
112.0
316.0
90.0
250.800003
165.0
301.0
480.146332
100.329086
30.000002
97.200005
36.288002
207.360016
56.733707
274.710571
53.913609
89.16481
361.200012
450.000031
120.960007
282.240021
91.238411
91.238411
440.0
48.0
294.0
436.0
375.840027
433.440002
376.0
434.0
170.0
229.0
109.0
61.0
74.400002
61.200001
205.200012
238.800003
319.0
146.0
316.0
140.0
295.200012
266.400024
213.0
147.0
147.0
95.0
119.0
58.0
296.400024
61.200001
283.0
60.0
269.0
58.0
123.0
142.0
28.800001
34.800003
177.984024
46.656006
166.0
146.0
152.0
194.0
299.0
197.0
86.400002
37.200001
33.0
89.0
369.600006
206.400009
383.0
78.0
198.000015
386.400024
225.600006
366.0
162.0
420.000031
236.400009
272.400024
274.800018
331.200012
42.0
249.0
543.600037
393.600006
516.0
436.0
477.0
456.0
493.0
406.0
429.0
400.0
363.600006
422.400024
512.0
276.0
240.480011
102.240005
147.0
241.0
297.600006
199.200012
316.800018
139.200012
141.600006
231.600006
122.400002
92.160004
283.200012
104.400002
331.200012
190.080002
308.400024
193.200012
252.000015
52.800003
240.0
55.0
50.400002
34.800003
312.480011
365.76001
576.460876
375.321655
492.480011
406.080017
511.200012
275.040009
150.0
46.800003
80.400002
52.800003
148.320007
145.440002
133.056015
139.968018
278.400024
283.200012
270.0
147.600006
42.0
249.600006
294.0
230.400009
256.320007
192.960007
143.424011
274.752014
115.0
101.0
266.400024
100.800003
347.040009
63.360001
262.800018
400.800018
141.696014
231.552017
194.400009
49.200001
70.560005
67.68
70.560005
56.160004
269.568024
58.752007
240.192017
55.296005
69.120003
36.0
186.624023
276.480042
224.640015
364.608032
433.382446
257.126434
515.52002
434.880005
573.119995
367.200012
255.600006
266.400024
279.936035
257.472015
122.688011
93.312012
295.488037
229.82402
197.280014
146.880005
210.816025
100.224007
72.0
90.720001
30.240002
97.920006
143.424011
43.200005
114.048012
34.560005
283.392029
105.408012
213.12001
47.52
41.760002
249.12001
367.200012
175.680008
316.22403
139.968018
336.960022
92.160004
311.040039
365.783081
162.432022
72.576004
120.960014
150.336014
149.299225
145.152023
156.960007
40.32
131.328018
41.472004
139.680008
38.880001
172.800018
41.472004
241.920029
148.608017
226.93483
101.523476
196.99202
387.072021
226.02243
364.953644
33.120003
164.160004
543.283264
391.910461
267.494446
265.420837
369.792023
205.632019
326.592041
69.12001
335.923248
103.680016
86.400009
36.288002
427.161652
398.131256
380.160034
88.128006
80.870415
51.840008
64.281609
39.398407
308.966431
105.753616
343.388214
86.593552
186.624023
275.788849
207.360031
232.243225
298.59845
228.925476
481.075256
116.121613
120.268814
138.931213
240.537628
101.606415
356.659241
107.827217
182.476822
170.035217
196.577301
146.810898
84.672005
82.944008
574.802002
375.736359
87.091209
250.90564
116.4534
83.607567
211.507233
99.532814
238.878754
54.74305
268.738586
144.322586
256.296997
238.878754
256.296997
191.600662
316.016693
144.322586
94.556175
146.810898
261.273651
97.044495
141.834259
231.413788
280.682556
253.808685
114.661812
82.413177
86.593552
253.808685
74.649612
253.808685
152.285217
220.96286
146.313248
95.551506
343.388214
80.621582
318.903168
139.74408
494.479065
404.899536
573.600037
367.200012
341.0
106.0
313.113647
364.953644
186.0
363.0
571.679993
406.080017
444.0
397.0
458.400024
218.400009
28.800001
30.000002
451.0
139.0
54.720001
282.240021
474.0
310.0
294.0
290.0
61.920002
283.680023
37.200001
220.800003
108.000008
40.32
254.880005
349.920013
73.440002
40.32
496.800018
401.76001
158.400009
376.800018
312.0
366.0
111.974419
315.187256
556.800049
439.200012
54.000004
31.200001
346.0
356.0
507.617371
262.766632
73.0
40.0
75.600006
145.200012
80.870415
41.472008
205.0
408.0
205.200012
408.000031
32.832005
32.832005
110.400002
97.200005
334.800018
118.800003
356.659241
49.766407
545.0
394.0
480.7435
140.341278
360.0
36.0
472.97998
103.91227
114.462738
146.810898
121.0
282.0
135.0
65.0
480.245819
111.974419
498.062256
229.323624
107.827217
246.758438
145.152008
95.040009
162.0
63.0
476.563141
121.828178
84.960007
66.240005
92.400002
54.000004
87.840004
34.560001
553.200012
441.600006
477.600006
120.000008
109.440002
146.880005
28.800001
164.400009
483.0
129.0
45.600002
84.0
70.848007
62.208008
440.400024
354.0
103.200005
248.400009
354.240021
36.288002
46.656006
34.560005
530.0
443.0
604.800049
444.000031
605.0
444.0
194.400009
414.000031
259.0
401.0
169.200012
388.800018
330.0
343.200012
85.200005
252.000015
476.563141
103.91227
26.0
97.0
49.766407
89.16481
436.0
48.0
372.0
434.0
104.0
61.0
70.800003
61.200001
212.0
229.0
201.600006
236.400009
315.0
146.0
312.0
141.0
142.0
95.0
141.0
71.0
289.200012
103.200005
154.0
42.0
161.0
147.0
238.800003
148.800003
148.0
194.0
295.0
197.0
90.0
216.0
81.600006
37.200001
366.0
206.0
388.0
32.0
377.0
89.0
194.400009
387.600006
222.0
366.0
271.200012
331.200012
37.0
250.0
538.559998
393.120026
511.200012
435.600006
472.800018
456.000031
488.0
406.0
310.0
368.0
425.0
400.0
441.0
354.0
358.560028
421.920013
508.0
276.0
529.200012
331.200012
237.600006
102.000008
141.600006
241.200012
352.800018
151.200012
293.76001
197.280014
312.0
140.400009
119.520004
92.160004
300.960022
102.240005
279.0
105.0
227.0
223.0
328.320007
190.080002
47.0
35.0
309.600006
367.200012
570.0
376.800018
488.160034
406.080017
506.880005
275.040009
222.000015
54.000004
153.600006
42.0
76.0
53.0
110.400002
37.200001
129.0
143.0
266.400024
150.0
37.200001
249.600006
290.400024
230.400009
252.000015
192.960007
305.279999
106.560005
140.400009
274.800018
110.0
101.0
344.0
65.0
104.0
328.0
259.200012
400.320007
138.240021
231.552017
66.240005
67.68
66.0
55.200001
264.960022
59.040001
236.736023
55.296005
65.664009
36.288002
259.200012
400.896027
181.440002
276.480011
194.400009
385.920013
221.76001
365.76001
426.81604
257.472015
511.200012
434.880005
253.200012
267.600006
276.480011
257.76001
119.23201
93.312012
290.880005
230.400009
192.960007
146.880005
67.68
90.720001
109.440002
36.0
278.208038
105.408012
208.800003
47.52
37.440002
249.12001
362.880005
177.12001
312.480011
139.680008
341.279999
109.440002
332.640015
93.600006
307.556396
367.276093
205.632019
51.840004
157.248016
72.576004
143.424011
145.152008
152.064011
39.744003
126.144012
41.472004
135.360001
38.880001
190.771225
49.766407
238.46402
148.608017
222.912018
101.952011
193.536011
387.072021
221.875229
364.953644
28.800001
164.160004
537.477173
393.154602
263.347229
265.420837
230.169632
95.385612
323.136017
69.12001
84.672005
38.016003
423.014465
398.131256
376.704041
88.128006
76.032005
51.840004
337.996857
89.16481
203.21283
232.243225
165.888031
223.948837
147.225616
234.316833
293.621796
228.925476
476.92807
116.121613
116.121613
138.931213
236.390427
101.606415
352.512054
107.827217
178.32962
170.035217
209.018906
146.810898
191.600662
146.810898
80.870415
85.017609
570.323059
376.23407
82.944016
250.90564
213.995544
106.997772
206.032928
98.537491
66.355209
66.355209
263.761963
57.231369
236.390427
54.74305
253.80867
238.878754
251.320358
191.600662
311.040039
146.810898
121.927696
189.11235
91.238411
147.225616
136.85762
231.413788
124.416016
232.243225
131.880981
139.345947
277.696564
253.808685
80.621582
253.808685
149.299225
214.990891
140.341278
95.551506
286.654541
232.906799
313.528381
137.355286
293.820892
207.824539
492.687439
403.10791
476.640015
397.440002
308.551727
365.783081
568.512024
407.808044
438.000031
396.000031
32.832005
219.456024
290.0
290.0
56.0
285.0
32.400002
219.600006
250.800003
350.400024
528.768066
331.776031
74.0
296.0
97.0
288.0
68.400002
39.600002
69.120003
40.32
75.0
154.0
68.400002
32.400002
91.238411
53.913609
101.0
36.0
506.304047
267.840027
552.960022
440.640015
535.200012
430.800018
473.0
429.0
259.200043
400.204865
342.0
356.0
504.631378
268.738617
68.0
40.0
70.800003
145.200012
76.723213
41.472008
536.0
431.0
93.312012
199.065628
475.269196
111.974419
498.062256
232.906799
103.680016
248.832031
70.560005
64.800003
78.0
52.800003
73.0
34.0
539.136047
438.912048
93.600006
318.0
54.0
292.0
97.0
284.0
70.502411
55.987209
90.720001
59.040001
95.040001
142.560013
586.0
460.0
57.600002
421.200012
596.0
408.0
596.160034
407.808044
559.0
406.0
496.800018
384.0
497.0
384.0
515.52002
440.640015
596.400024
408.000031
599.040039
370.080017
551.232056
366.336029
470.0
129.0
55.296005
60.480007
52.0
66.0
97.044495
196.577301
91.0
329.0
90.720001
328.320007
208.0
31.0
41.472008
49.766407
41.760002
50.400002
516.0
441.0
247.200012
400.800018
318.0
343.200012
93.0
318.0
70.560005
252.000015
462.230438
100.329086
48.0
121.0
72.576012
91.238411
423.0
48.0
152.400009
229.200012
90.0
58.0
200.0
229.0
303.0
146.0
300.0
140.0
196.0
147.0
127.0
71.0
100.0
56.0
279.600006
61.200001
253.0
58.0
140.0
41.0
211.200012
158.400009
148.0
146.0
226.0
148.0
134.0
194.0
283.0
197.0
67.200005
36.0
53.0
89.0
102.0
100.0
354.0
205.200012
182.0
389.0
210.0
367.0
259.200012
331.200012
21.0
251.0
525.600037
391.200012
498.000031
433.200012
462.0
455.0
475.0
404.0
298.0
368.0
413.0
399.0
495.0
275.0
516.0
330.0
224.400009
102.000008
129.600006
240.000015
358.560028
145.440002
282.0
198.000015
300.0
139.200012
123.600006
232.800003
105.120003
92.160004
267.0
105.0
315.360016
190.080002
292.800018
193.200012
235.200012
52.800003
32.0
34.0
297.600006
367.200012
570.240051
250.560013
554.400024
374.400024
488.160034
401.76001
475.200012
403.200012
141.600006
92.400002
493.920013
275.040009
208.800003
51.840004
61.200001
51.600002
131.040009
145.440002
115.200005
139.680008
264.0
283.200012
22.800001
250.800003
278.400024
230.400009
151.200012
194.400009
249.600006
100.800003
91.200005
328.800018
246.240005
400.320007
124.416016
231.552017
51.600002
66.0
50.400002
54.000004
252.000015
57.600002
222.912018
53.568005
50.400002
34.560001
181.440002
387.360016
209.088013
366.336029
416.400024
258.0
497.664062
433.728027
240.192017
267.840027
264.384033
257.472015
103.680016
91.238411
278.208038
229.82402
180.0
146.880005
182.880005
192.960007
52.800003
88.800003
95.040009
34.560005
266.400024
105.120003
195.840012
47.52
300.960022
139.680008
330.0
109.200005
320.400024
94.800003
298.59845
367.027252
209.433624
51.840008
191.808014
50.112003
129.600006
145.152008
136.512009
32.832005
119.23201
36.288002
176.256027
47.692806
226.02243
147.225616
209.088013
100.224007
181.440018
388.800049
209.018906
365.783081
526.694458
389.836853
250.560028
267.840027
217.728027
95.385612
67.392006
36.288002
410.572845
398.131256
364.608032
84.672005
60.134407
49.766407
292.377655
105.753616
328.458282
84.60289
145.152023
95.385612
337.996857
72.576012
366.336029
74.304008
192.844833
232.243225
151.787537
226.437149
281.180206
228.925476
464.48645
116.121613
101.606415
138.931213
223.948837
101.606415
165.888031
170.035217
179.159058
146.810898
147.225616
124.416016
555.724854
373.248047
70.502411
250.90564
238.464035
348.364838
194.088989
98.537491
70.502411
66.355209
51.840008
66.355209
251.320358
57.231369
223.948837
54.74305
223.948837
143.327255
114.048019
282.009644
241.367081
238.878754
298.59845
146.810898
77.137932
146.810898
243.855392
97.044495
124.416016
232.243225
107.827217
232.243225
121.927696
139.345947
265.752625
253.808685
98.537491
83.607567
68.677643
253.808685
326.069519
89.579544
272.321808
232.906799
300.987244
139.74408
280.682556
206.032928
480.146332
401.316345
465.0
395.0
464.832031
395.712036
554.400024
364.800018
297.216034
368.064026
168.0
364.800018
433.0
139.0
34.560001
37.440002
42.0
286.0
88.800003
38.400002
239.0
350.0
514.944031
330.048035
54.720001
38.880001
549.600037
433.200012
539.136047
437.529663
341.0
30.0
62.208008
39.398407
92.400002
96.0
115.776009
139.968018
50.112003
34.560005
462.827606
137.355286
462.827576
114.462738
480.146332
229.323624
70.0
36.0
73.200005
52.800003
534.240051
437.76001
93.0
284.0
65.664009
55.296005
84.672005
57.024006
580.0
459.0
590.976074
407.808044
555.0
405.0
107.0
63.0
100.0
91.0
595.200012
369.600006
547.776062
364.608032
466.0
129.0
34.560001
59.040001
25.0
82.0
42.0
31.200001
50.112003
58.752007
46.800003
66.0
83.607567
247.836716
99.360001
141.12001
321.120026
103.680008
36.288002
50.112003
28.800001
89.280006
314.400024
343.200012
495.600006
318.0
89.0
318.0
64.800003
252.000015
458.647247
103.91227
23.0
29.0
41.760002
30.240002
418.800018
48.0
147.600006
229.200012
85.0
59.0
50.0
59.0
195.600006
228.000015
183.600006
236.400009
299.0
145.0
296.0
140.0
192.0
147.0
123.0
94.0
122.0
70.0
121.0
42.0
276.0
61.200001
248.0
58.0
99.0
142.0
125.0
132.0
136.0
41.0
144.0
146.0
222.000015
147.600006
128.400009
194.400009
279.0
197.0
72.0
216.000015
189.600006
99.600006
62.400002
36.0
350.400024
205.200012
357.600006
133.200012
176.400009
388.800018
206.0
367.0
254.400009
331.200012
522.0
390.000031
495.0
433.0
457.0
454.0
294.0
368.0
409.0
399.0
343.200012
422.400024
491.0
275.0
220.800003
102.000008
124.800003
241.200012
278.400024
196.800003
296.400024
139.200012
119.520004
231.840012
99.600006
91.200005
285.120026
102.240005
263.0
105.0
312.480011
190.080002
230.400009
51.840004
27.0
33.0
294.0
368.400024
565.920044
250.560013
549.504028
374.976044
470.880005
403.200012
31.0
148.0
138.0
92.0
491.443268
273.71524
204.000015
51.600002
127.200005
45.600002
56.0
50.0
91.200005
34.800003
126.144012
145.152008
112.800003
141.600006
249.12001
146.880005
275.040009
228.960007
289.440002
106.560005
327.600006
63.600002
243.360016
401.76001
120.268814
232.243225
46.080002
66.240005
247.680008
57.600002
45.600002
34.800003
243.648026
400.896027
205.920013
365.76001
411.840027
257.76001
493.920013
432.000031
548.640015
364.320007
236.736023
267.840027
260.640015
257.76001
100.224007
91.584007
274.752014
229.82402
175.680008
146.880005
190.080017
98.49601
178.560013
192.960007
46.800003
85.200005
120.960007
41.760002
262.080017
105.120003
296.640015
138.240005
324.0
108.000008
293.76004
368.064026
203.21283
51.840008
160.70401
69.12001
139.968018
70.848007
126.489616
145.152023
172.108826
47.692806
150.336014
39.744003
221.184021
148.608017
205.632019
100.224007
176.256012
388.800049
205.286423
364.953644
520.05896
390.66629
246.758438
265.420837
216.000015
97.920006
315.187256
105.753616
62.208008
34.560005
408.499268
398.131256
57.024006
50.112003
323.481659
89.16481
166.717468
89.579529
328.458282
74.649612
362.880035
72.576004
186.624023
233.902115
146.810898
226.437149
128.563217
234.316833
278.691895
228.925476
460.339264
116.121613
97.459213
138.931213
219.801636
101.606415
335.923248
109.486099
161.740829
170.035217
191.600662
146.810898
176.256027
147.225616
60.480007
81.216011
141.004822
124.416016
549.918823
373.248047
64.281609
250.90564
94.556175
84.60289
188.117035
98.537491
221.46051
144.322586
114.048019
282.009644
236.390427
238.878754
296.110107
144.322586
70.502411
143.078415
241.367081
97.044495
122.425369
232.906799
104.50946
232.906799
114.048019
138.931213
259.78067
253.808685
92.565521
83.607567
62.705677
253.808685
56.733707
250.822708
128.397339
223.948837
122.425369
92.565521
297.404083
139.74408
476.563141
401.316345
554.400024
405.600006
460.800018
394.800018
460.339264
393.98407
321.0
105.0
294.451233
367.027252
164.160004
364.320007
429.0
139.0
274.0
290.0
34.800003
285.600006
256.794678
283.668549
235.0
351.0
48.960003
38.880001
80.0
34.0
475.200012
400.800018
535.200012
438.000031
337.0
30.0
30.000002
30.000002
326.0
356.0
50.400002
144.0
122.0
118.0
516.0
427.0
86.400002
96.480003
177.12001
387.360016
496.0
318.0
44.928005
34.560005
335.923248
49.766407
49.0
253.0
79.488007
32.832005
74.649612
201.553955
339.600006
36.0
110.880005
282.240021
110.59201
283.392029
106.800003
145.200012
476.563141
229.323624
85.017609
248.832031
122.342415
93.312012
140.0
62.0
47.52
38.880001
526.0
435.0
77.760002
319.680023
37.0
294.0
44.400002
423.600006
582.0
406.0
582.681702
404.352051
482.400024
382.800018
483.0
382.0
90.0
91.0
586.828857
367.027252
457.0
130.0
36.0
66.0
74.649612
250.822708
89.280006
141.12001
83.607567
197.074982
76.0
331.0
330.048035
34.560005
501.600006
439.200012
235.200012
402.000031
306.0
343.200012
78.0
320.0
53.280003
253.440002
447.897705
96.745903
92.160004
283.680023
410.0
49.0
75.0
59.0
40.0
59.0
186.0
229.0
176.400009
240.000015
291.0
146.0
288.0
140.0
183.0
147.0
114.0
94.0
86.0
56.0
266.400024
61.200001
254.0
59.0
240.0
58.0
264.0
102.000008
147.0
46.0
198.000015
157.200012
134.0
146.0
213.0
147.0
271.0
197.0
181.0
99.0
53.280003
34.560001
87.0
100.0
196.800003
367.200012
246.240005
331.200012
512.400024
390.000031
484.800018
432.000031
461.376038
402.624023
286.0
368.0
401.0
398.0
336.0
422.0
481.0
275.0
503.0
329.0
212.0
102.0
115.200005
242.400009
270.0
198.000015
288.0
139.200012
110.400002
232.800003
89.280006
90.720001
276.480011
102.240005
200.400009
223.200012
303.840027
190.080002
210.240005
53.280003
285.120026
367.200012
541.440002
372.960022
473.76001
400.320007
462.412872
402.278442
197.0
100.0
480.960022
273.600006
194.400009
51.840004
46.800003
51.600002
81.216011
32.832005
241.200012
150.0
266.400024
230.400009
328.800018
110.400002
280.800018
106.560005
112.800003
276.0
136.0
194.0
319.200012
63.600002
75.600006
331.200012
109.900818
232.243225
162.720001
47.52
36.0
54.000004
239.040009
57.600002
210.816025
53.568005
36.0
33.600002
156.960007
277.920013
197.280014
367.200012
402.624023
257.472015
483.840027
430.560028
228.096039
267.494446
252.000015
257.76001
89.85601
91.584007
266.400024
230.400009
167.040009
146.880005
181.440018
98.49601
169.200012
194.400009
288.0
139.680008
286.15683
368.271423
194.918427
51.840008
179.712021
50.112003
152.064011
69.12001
116.121613
145.152023
124.416016
38.016003
161.740829
47.278088
141.696014
39.744003
196.99202
100.224007
196.992035
367.027252
512.17926
387.763245
238.46402
267.840027
205.286423
95.385612
297.216034
69.12001
308.551727
99.532814
53.568005
34.560005
398.131256
398.131256
46.656006
50.112003
156.764175
89.579529
129.392654
94.556175
325.555237
72.576012
155.52002
277.862427
176.670746
233.902115
136.85762
226.437149
122.688011
238.46402
268.738586
228.925476
449.971252
116.121613
87.091209
138.931213
39.398407
118.195213
181.647385
146.810898
166.717468
146.810898
51.840004
80.639999
132.710419
124.416016
53.913609
252.979233
84.60289
84.60289
188.117035
107.495445
179.159073
98.537491
36.288002
65.664009
238.878754
57.231369
228.925476
238.878754
286.15683
146.810898
92.565521
188.117035
231.413788
97.044495
103.680016
138.931213
253.808685
253.808685
104.50946
238.878769
83.607567
83.607567
250.822708
232.906799
56.733707
250.822708
119.439384
223.948837
113.467415
92.565521
261.572266
232.906799
290.237701
139.74408
468.799591
400.121918
452.400024
394.800018
285.120026
368.064026
155.0
366.0
421.0
140.0
445.0
308.0
325.440002
72.0
225.600006
351.600006
502.560028
328.320007
69.0
290.0
39.600002
30.000002
479.001678
263.347229
448.0
426.0
327.600006
30.000002
477.757538
268.738617
114.000008
124.800003
508.800018
426.000031
224.0
432.0
103.680008
139.968018
168.480011
388.800018
487.200012
318.0
69.120003
33.120003
105.0
431.0
513.0
390.0
169.0
390.0
169.200012
390.000031
429.0
218.0
118.800003
367.200012
451.480896
136.160904
331.200012
36.0
102.0
63.0
225.0
352.0
450.385986
114.462738
469.39679
229.323624
55.0
36.0
158.0
278.0
84.0
142.0
107.495445
283.07135
74.649612
248.832031
97.0
40.0
116.640007
44.640003
311.040039
116.951057
114.048019
93.312012
157.200012
278.400024
131.0
73.0
331.776062
62.208008
48.0
31.200001
516.672058
435.456055
65.664009
57.024006
70.560005
145.440002
563.0
457.0
571.968079
404.352051
80.0
90.0
493.920013
436.320007
573.0
404.0
575.424072
366.336029
448.0
129.0
26.400002
64.800003
190.0
369.0
65.691658
250.822708
79.488007
139.968018
64.800003
250.800003
494.400024
436.800018
228.0
403.0
132.0
393.600006
298.800018
343.200012
69.600006
320.400024
45.600002
253.200012
126.0
304.0
402.0
49.0
130.0
230.0
65.0
58.0
30.0
58.0
178.0
229.0
283.0
145.0
280.0
139.0
259.200012
268.800018
175.0
147.0
104.0
93.0
76.0
55.0
102.0
40.0
259.200012
60.000004
246.0
59.0
230.400009
56.400002
80.0
142.0
117.0
39.0
125.0
145.0
204.000015
147.600006
263.0
197.0
42.0
33.600002
27.0
88.0
333.600006
205.200012
342.0
128.400009
159.600006
390.000031
189.600006
368.400024
122.400002
424.800018
238.800003
332.400024
504.000031
387.600006
478.0
430.0
454.0
402.0
278.0
368.0
392.400024
397.200012
327.600006
422.400024
472.800018
273.600006
493.200012
327.600006
202.800003
100.800003
106.800003
240.000015
279.360016
138.240005
100.800003
232.800003
80.400002
90.0
246.000015
104.400002
192.0
223.200012
296.640015
188.640015
272.400024
193.200012
213.600006
51.600002
202.0
53.0
278.208038
368.064026
531.360046
371.52002
453.600006
402.000031
472.320007
273.600006
185.76001
50.400002
116.400002
38.400002
70.800003
33.600002
107.0
145.0
244.0
284.0
232.800003
148.800003
258.0
230.400009
220.320007
192.960007
320.0
110.0
128.400009
194.400009
229.200012
99.600006
310.800018
63.600002
228.000015
403.200012
100.224007
233.280029
153.792007
46.656006
201.600006
53.280003
146.88002
278.208038
190.080002
367.200012
476.92804
430.272034
244.800003
257.76001
79.488007
89.85601
257.76001
230.400009
157.248016
146.88002
159.840012
192.960007
279.936035
138.240021
299.52002
92.160004
186.624023
49.766407
170.035217
47.692806
77.76001
148.608017
107.136009
145.152008
114.048012
36.288002
154.275864
47.278088
188.697632
99.532814
188.35202
368.064026
502.640717
388.177979
229.82402
267.840027
309.312042
108.864014
391.910461
396.057648
146.810898
89.579529
317.260834
72.576012
145.152023
277.862427
346.29126
76.723213
169.20578
233.902115
129.392654
226.437149
261.273651
228.925476
441.676849
116.121613
76.723213
138.931213
203.21283
99.532814
319.334442
107.827217
156.764175
146.810898
41.472004
79.488007
534.988892
370.759735
43.545605
252.979233
179.159073
107.495445
170.201126
98.537491
229.920807
56.733707
201.553955
52.254726
232.906799
149.299225
220.96286
238.878769
221.184021
191.808014
277.696564
146.313248
83.607567
188.117035
49.766407
146.810898
101.523476
232.906799
86.593552
232.906799
97.044495
139.345947
244.850739
253.808685
93.16272
236.48999
247.836716
226.93483
110.48143
223.948837
254.405899
232.906799
283.07135
136.160904
293.820892
118.244995
458.647247
401.316345
373.0
397.0
444.0
393.0
316.800018
72.0
241.864746
283.668549
46.0
52.0
64.0
38.0
217.440002
351.360016
34.800003
300.0
470.707275
263.347229
527.0
429.0
459.360016
398.880005
277.862427
367.027252
516.960022
434.880005
320.0
30.0
468.799591
259.78067
168.0
412.0
93.312012
139.968018
45.600002
52.800003
64.0
250.0
76.800003
87.600006
321.408051
49.766407
58.752007
32.832005
504.0
388.0
160.0
390.0
108.000008
368.400024
441.92572
140.341278
224.0
447.0
98.400002
54.000004
423.360016
447.840027
565.920044
436.320007
566.400024
436.800018
572.400024
403.200012
218.0
352.0
458.647247
229.323624
45.0
35.0
149.0
278.0
87.0
38.0
87.840004
144.0
302.745636
114.048019
40.800003
31.200001
510.000031
432.000031
67.0
286.0
57.600002
56.160004
62.208008
145.152008
567.0
403.0
566.092896
400.204865
72.0
90.0
568.800049
366.0
442.0
129.0
433.440002
450.720032
602.400024
430.800018
152.639999
390.240021
183.0
369.0
56.733707
250.822708
72.0
141.600006
65.691658
197.074982
297.600006
105.600006
179.0
29.0
314.496033
34.560005
154.800003
417.600006
220.320007
401.76001
291.600006
343.200012
62.0
321.0
38.400002
254.400009
433.564972
100.329086
320.0
449.0
122.400002
230.400009
58.0
57.0
171.600006
229.200012
277.0
145.0
273.0
140.0
255.0
267.0
167.0
146.0
96.0
93.0
94.0
40.0
250.800003
60.000004
237.600006
58.800003
224.400009
56.400002
117.0
145.0
198.000015
146.400009
103.200005
194.400009
256.0
198.0
33.600002
33.600002
327.600006
206.400009
336.0
130.0
153.600006
391.200012
182.400009
368.400024
174.0
276.0
232.800003
332.400024
496.800018
386.400024
470.0
429.0
434.0
451.0
447.600006
400.800018
271.0
368.0
385.200012
397.200012
401.0
352.0
321.600006
422.400024
467.0
274.0
487.200012
327.600006
196.800003
100.800003
99.600006
241.200012
313.920013
151.200012
255.600006
198.000015
273.600006
138.240005
93.600006
233.280014
72.0
89.280006
262.080017
102.240005
240.000015
104.400002
289.440002
190.080002
265.200012
194.400009
194.400009
51.840004
271.296021
368.064026
525.600037
370.080017
447.552032
400.896027
181.200012
99.600006
466.560028
273.600006
180.0
50.400002
99.600006
43.200001
63.360001
33.120003
99.360001
144.0
85.200005
140.400009
252.000015
230.400009
213.12001
192.960007
313.200012
109.200005
97.200005
277.200012
304.800018
63.600002
219.600006
402.000031
93.312012
233.280029
219.456024
402.624023
167.616013
276.480042
182.880005
368.640015
469.440033
429.120026
214.272018
267.840027
238.464035
257.126434
72.576004
89.85601
252.000015
230.400009
150.336014
146.88002
165.888016
98.49601
93.600006
38.880001
200.160004
105.120003
238.46402
103.680008
273.024017
138.240021
178.32962
49.766407
162.432022
48.384003
99.532814
143.078415
107.136009
36.288002
89.280006
34.560001
124.416016
38.016003
196.99202
145.152008
181.440018
100.224007
153.446426
389.836853
182.476822
367.027252
373.248047
252.288025
328.320038
207.360016
302.400024
108.864014
293.621796
99.532814
34.560001
33.120003
385.344025
397.440033
139.345947
89.579529
114.048019
93.312012
311.040039
72.576012
340.070435
74.649612
161.740829
232.243225
119.439377
226.437149
105.753616
238.464035
256.296997
228.925476
435.456055
118.195213
69.672974
136.85762
195.264023
100.224007
313.113647
107.827217
166.717468
146.810898
149.299225
146.313248
525.035583
370.759735
36.288002
254.016022
164.229156
98.537491
223.948837
57.231369
194.088989
52.254726
213.580826
238.464035
271.226929
146.810898
94.556175
233.902115
77.635597
232.906799
89.579529
139.345947
238.878769
253.808685
85.996361
236.48999
65.691658
80.621582
236.48999
229.323624
103.91227
222.157257
275.904999
136.160904
254.405899
207.824539
455.36261
398.131256
438.0
393.0
437.184052
392.256042
298.0
106.0
271.641632
367.027252
406.0
139.0
252.0
290.0
37.0
55.0
486.720032
326.880005
27.0
300.0
26.0
152.0
271.226929
368.271423
510.000031
434.400024
313.0
30.0
97.0
142.0
100.224007
98.49601
493.0
423.0
210.0
433.0
46.080002
201.600006
59.040001
95.040001
63.0
146.0
86.400009
139.968018
58.0
251.0
315.187256
49.766407
47.278088
201.553955
497.0
387.0
153.0
391.0
428.0
86.0
62.208008
144.322586
238.464035
284.083252
80.0
145.0
417.600006
447.840027
559.87207
435.456055
560.160034
434.880005
566.400024
402.000031
435.456055
114.462738
455.064056
225.740448
96.745903
283.07135
103.680016
282.009644
57.231369
251.320358
296.524841
114.048019
401.0
83.0
488.160034
430.560028
534.0
451.200012
543.283264
398.131256
369.0
44.0
125.0
45.0
48.0
89.0
365.76001
396.000031
545.76001
361.440002
422.0
130.0
414.720032
449.280029
44.928005
138.240021
33.600002
253.200012
34.560001
335.52002
157.0
27.0
201.600006
406.800018
274.800018
344.400024
415.649078
107.495445
303.0
450.0
101.0
232.0
151.200012
228.960007
139.0
239.0
257.0
146.0
254.0
140.0
73.0
91.0
72.0
58.0
231.600006
60.000004
218.400009
57.600002
108.0
43.0
95.0
145.0
80.400002
194.400009
237.0
198.0
20.0
218.0
144.0
98.0
132.0
393.600006
153.0
278.0
213.600006
333.600006
476.400024
385.200012
450.000031
427.200012
415.0
450.0
428.0
400.0
253.0
370.0
368.0
397.0
303.600006
422.400024
447.0
275.0
176.400009
100.800003
77.760002
240.480011
236.400009
198.000015
254.400009
139.200012
70.560005
234.720016
48.960003
89.280006
241.920013
102.240005
218.880005
103.680008
271.200012
190.800003
174.0
51.600002
252.288025
369.792023
504.000031
368.640015
428.400024
399.600006
159.600006
99.600006
446.400024
272.160004
158.400009
50.400002
84.960007
36.0
76.800003
42.0
76.032005
143.424011
61.920002
139.680008
218.400009
284.400024
233.280014
230.400009
295.200012
110.400002
246.000015
105.600006
98.400002
194.400009
201.600006
99.600006
284.400024
63.600002
201.600006
406.080017
70.848007
235.008026
124.416016
44.928005
203.040009
56.160004
172.800018
51.840004
148.608017
278.208038
132.480011
393.120026
162.432022
371.52005
370.080017
256.320007
449.280029
426.81604
193.536011
269.568024
218.880005
259.200012
49.766407
89.16481
233.280029
229.82402
129.600006
145.440002
143.078415
97.459213
133.056015
193.536011
217.728027
103.680008
145.152008
43.200005
253.440002
138.240005
282.240021
109.440002
273.600006
92.160004
251.320358
368.271423
157.593628
49.766407
89.85601
69.12001
76.723213
143.078415
84.672005
34.560005
56.400002
36.0
124.416016
45.619205
101.952011
38.016003
158.976013
98.49601
131.328018
393.984039
476.92807
383.616058
205.286423
267.494446
167.961624
93.312012
271.226929
106.997772
367.027252
396.057648
278.691895
92.067856
91.584007
93.312012
141.004822
234.316833
99.532814
228.925476
84.60289
238.878754
236.390427
228.925476
414.720032
119.23201
45.619205
138.931213
174.182419
99.532814
291.133484
109.486099
114.048019
170.035217
129.392654
146.810898
93.312012
122.342415
505.129028
368.271423
45.619205
82.944016
149.299225
104.509453
141.834259
97.044495
203.046951
56.733707
174.182419
52.254726
206.032928
149.299225
176.670746
144.322586
62.208008
286.15683
194.088989
238.878754
253.80867
144.322586
53.913609
190.771225
69.672974
233.902115
67.184647
136.85762
217.976868
253.808685
65.691658
238.878769
220.96286
229.920807
80.621582
226.93483
71.663628
89.579536
280.682556
86.593552
226.93483
235.892776
254.405899
139.74408
236.48999
204.241348
433.564972
397.733154
418.867249
389.836853
252.979233
369.100861
119.0
370.0
290.880005
72.0
191.520004
352.800018
27.0
294.0
445.824066
263.347229
434.880005
397.440002
252.000015
368.640015
489.600006
432.000031
294.0
30.0
444.911713
265.752625
74.880005
123.840004
74.0
142.0
77.76001
96.768005
62.208008
139.968018
45.600002
86.400002
66.0
438.000031
477.0
385.0
132.0
394.0
302.400024
450.000031
542.400024
399.600006
163.0
371.0
415.051849
140.341278
296.400024
36.0
408.0
87.0
448.0
379.0
162.720001
370.080017
217.728027
284.083252
48.0
288.0
63.360001
286.559998
62.208008
286.848022
274.0
344.0
170.400009
343.200012
45.0
36.0
456.0
410.0
57.600002
144.0
67.0
52.0
57.024006
89.85601
542.880005
398.880005
415.5495
114.462738
433.564972
229.323624
78.796814
284.083252
56.0
37.0
57.600002
144.0
601.0
337.0
72.576012
91.238411
171.0
343.0
207.0
268.0
93.0
93.0
426.000031
27.6
427.0
28.0
164.400009
276.0
603.600037
422.400024
532.800049
450.720032
283.668518
74.649612
221.0
254.0
483.840057
428.544037
539.136047
399.16803
444.000031
378.0
443.52002
378.720001
498.240021
279.360016
44.400002
288.0
40.0
38.0
51.0
56.0
43.0
88.0
362.880005
396.000031
540.0
398.0
541.440002
361.440002
417.0
130.0
408.960022
449.280029
39.398407
136.85762
153.0
27.0
290.304016
34.560005
196.800003
404.400024
268.800018
344.400024
33.0
325.0
408.482697
96.745903
145.440002
228.960007
134.0
239.0
253.0
145.0
249.0
140.0
142.0
147.0
69.0
91.0
228.000015
60.000004
214.0
58.0
199.200012
55.200001
102.000008
42.0
90.0
145.0
172.800003
147.600006
75.600006
194.400009
233.0
197.0
139.200012
97.200005
312.0
130.800003
128.400009
394.800018
88.800003
430.800018
472.800018
384.0
446.400024
426.000031
410.0
449.0
248.400009
369.600006
362.400024
396.000031
379.200012
350.400024
441.600006
272.400024
462.000031
325.200012
170.400009
99.600006
73.440002
240.480011
231.840012
197.280014
249.600006
138.0
64.800003
234.000015
43.200005
88.128006
237.600006
100.800003
213.600006
103.200005
160.800003
224.400009
266.400024
190.080002
242.400009
194.400009
169.200012
51.600002
249.12001
368.640015
499.392059
368.064026
437.0
397.0
427.161652
396.057648
154.800003
98.400002
442.080017
272.160004
153.0
49.0
72.0
40.800003
70.848007
143.424011
55.200001
140.400009
214.0
285.0
201.600006
148.800003
228.000015
231.600006
190.080002
192.960007
241.920013
105.120003
94.0
194.0
196.800003
99.600006
280.800018
63.600002
64.281609
234.316833
120.268814
43.545605
198.720016
55.296005
128.160004
394.560028
445.824036
426.81604
214.560013
259.200012
43.200001
87.840004
229.82402
229.82402
125.280006
145.440002
138.931213
97.459213
128.160004
194.400009
66.240005
37.440002
214.272018
103.680008
249.12001
138.240005
277.920013
109.440002
269.279999
92.160004
248.832031
368.271423
153.446426
47.692806
136.85762
45.619205
70.502411
143.078415
172.800018
146.88002
155.52002
97.459213
128.563217
393.98407
472.780853
383.616058
201.139221
267.494446
165.888031
93.312012
304.819244
203.21283
268.738586
106.997772
363.294769
395.642944
241.920029
105.408012
86.400009
91.584007
317.260834
72.576012
136.85762
234.316833
94.556175
226.437149
77.76001
240.192017
231.413788
228.925476
410.572845
116.121613
170.035217
99.532814
122.425369
146.313248
500.152405
368.271423
188.35202
354.240021
136.160904
96.745903
199.065628
54.74305
200.060959
149.299225
171.694107
146.810898
59.719692
286.65451
189.11235
238.878754
189.11235
191.600662
248.832031
144.322586
47.278088
189.11235
191.600662
94.556175
64.696327
233.902115
49.766407
233.902115
62.705677
137.355286
214.990891
253.808685
59.719692
238.878769
217.976868
229.920807
75.246811
218.574081
65.691658
89.579536
222.157257
232.906799
250.822708
136.160904
430.479431
398.131256
414.000031
391.200012
414.720062
389.836853
248.832031
369.792023
377.0
393.0
383.0
140.0
286.559998
72.0
188.640015
352.800018
462.240021
325.440002
439.603271
261.273651
485.0
428.0
289.0
30.0
438.939728
265.752625
67.0
116.0
69.600006
122.400002
87.840004
43.200001
84.960007
57.600002
86.400009
77.76001
135.600006
417.600006
56.160004
139.680008
39.600002
85.200005
291.133484
47.278088
473.0
385.0
128.0
395.0
538.800049
398.400024
538.559998
397.440002
297.600006
450.000031
291.600006
36.0
404.0
87.0
401.316345
100.329086
89.0
431.0
444.0
379.0
157.200012
370.800018
211.507233
284.083252
44.0
288.0
57.600002
286.559998
58.060806
286.15683
193.0
451.0
599.616028
421.63205
269.0
344.0
167.0
343.0
39.600002
38.400002
269.568024
342.144043
51.600002
144.0
410.572845
114.462738
74.304008
285.120026
203.0
268.0
86.0
70.0
422.400024
27.6
423.0
27.0
499.0
358.0
288.645172
62.208008
280.682556
74.649612
217.0
254.0
478.656036
428.544037
523.200012
448.800018
532.915283
396.057648
114.0
44.0
492.480011
279.360016
33.0
38.0
46.0
55.0
36.0
88.0
522.720032
447.840027
589.248047
335.232025
456.480011
433.440002
535.200012
361.200012
411.0
130.0
152.0
372.0
373.200012
350.400024
22.800001
253.200012
25.0
337.0
285.120026
34.560005
457.200012
433.200012
528.0
431.0
190.800003
405.600006
264.0
344.400024
404.899536
103.91227
140.0
230.0
247.0
145.0
244.0
139.0
136.0
148.0
61.0
91.0
60.0
56.0
60.0
37.0
208.800003
57.600002
194.0
56.0
96.768005
41.472004
75.0
36.0
84.0
144.0
166.800003
146.400009
227.0
198.0
133.200012
97.200005
306.0
130.800003
122.400002
396.000031
151.200012
372.0
204.000015
333.600006
466.800018
384.0
441.0
426.0
405.0
449.0
242.400009
369.600006
358.0
397.0
374.0
351.0
294.0
422.400024
437.0
272.0
457.200012
325.200012
165.600006
99.600006
64.800003
243.360016
302.400024
146.400009
226.800003
198.000015
243.600006
139.200012
57.600002
234.720016
36.0
87.840004
208.800003
103.200005
261.600006
189.600006
236.160004
192.960007
174.240005
48.960003
241.920029
369.792023
493.920013
367.200012
429.600006
396.000031
418.176025
399.16803
149.76001
97.920006
436.320007
272.160004
146.88002
48.384003
74.400002
36.0
64.800003
144.0
48.0
140.400009
195.600006
148.800003
223.200012
230.400009
284.400024
109.200005
236.160004
105.120003
26.400002
96.0
274.800018
63.600002
58.752007
235.008026
114.048012
44.928005
193.536011
55.296005
161.740829
49.766407
136.512009
278.208038
152.064011
371.52005
361.440002
256.320007
183.168015
269.568024
208.800003
259.200012
36.288002
88.128006
226.02243
230.169632
118.080002
145.440002
132.710419
95.385612
59.040001
37.440002
209.433624
103.680016
244.800003
138.240005
147.225616
47.692806
130.636826
45.619205
101.952011
65.664009
34.560005
148.608017
64.281609
143.078415
45.600002
32.400002
114.048019
43.545605
91.584007
36.288002
165.888031
143.078415
148.608017
98.49601
466.560059
383.616058
194.918427
267.494446
356.659241
393.98407
271.226929
87.091209
281.180206
74.649612
130.636826
234.316833
87.091209
228.925476
226.437149
228.925476
406.080048
120.960014
165.888031
99.532814
102.021133
169.20578
134.369293
146.810898
118.195213
145.152023
80.870415
122.342415
495.175751
365.783081
132.577713
96.745903
196.577301
146.810898
185.131042
238.878769
243.855392
144.322586
43.200005
191.808014
59.719692
235.892776
52.254726
136.85762
209.018921
253.808685
212.004898
229.920807
68.677643
226.93483
59.719692
89.579536
247.239532
136.160904
424.009796
397.135956
408.499268
389.836853
269.0
105.0
241.367081
368.271423
108.000008
372.0
370.800018
392.400024
220.320007
28.800001
377.0
140.0
223.0
292.0
280.800018
70.560005
182.400009
354.0
435.456055
261.273651
488.400024
423.600006
284.400024
27.6
432.967773
259.78067
79.0
76.0
464.400024
420.000031
48.960003
139.680008
262.800018
116.400002
20.0
254.0
54.000004
440.400024
467.0
384.0
122.400002
396.000031
406.093903
143.327255
286.800018
36.0
398.0
87.0
285.0
455.0
597.600037
423.360016
394.149963
93.16272
151.200012
371.52002
263.52002
344.160004
599.0
424.0
489.0
424.0
263.761963
343.388214
45.600002
144.0
54.000004
51.600002
48.0
59.0
526.800049
430.800018
405.596222
114.462738
424.009796
226.93483
70.502411
284.083252
60.480007
89.85601
197.0
268.0
80.0
92.0
416.400024
27.6
417.0
28.0
136.800003
278.400024
457.920044
428.544037
512.17926
393.98407
186.0
34.800003
126.000008
278.400024
127.872009
278.208038
573.696045
419.904053
396.000031
28.800001
437.76001
430.560028
513.216064
359.424042
355.200012
350.400024
264.384033
34.560005
438.000031
430.800018
100.800003
427.200012
68.400002
403.200012
243.648026
345.600037
286.559998
433.440002
286.800018
433.200012
67.0
232.0
118.0
231.0
227.0
145.0
224.0
139.0
205.0
269.0
112.800003
146.400009
38.0
89.0
200.400009
57.600002
172.0
54.0
72.0
39.600002
58.800003
144.0
44.400002
195.600006
207.0
197.0
110.400002
94.800003
281.0
207.0
286.559998
133.919998
99.0
399.0
131.0
375.0
58.800003
436.800018
182.400009
336.0
446.400024
382.800018
421.200012
424.800018
399.600006
398.400024
223.0
371.0
340.0
396.0
356.0
350.0
274.800018
423.600006
418.0
272.0
436.800018
324.0
40.800003
243.600006
266.400024
149.76001
206.400009
198.000015
224.400009
138.0
33.600002
236.400009
188.640015
102.240005
133.200012
225.600006
241.920013
190.080002
141.12001
48.960003
223.948837
370.759735
473.472046
366.336029
400.320007
397.440002
50.112003
86.400009
417.600006
272.400024
125.280006
47.52
39.744003
143.424011
187.200012
286.800018
175.200012
147.600006
203.040009
230.400009
162.720001
192.960007
216.000015
105.120003
36.0
282.240021
63.360001
194.400009
169.920013
96.480003
254.400009
62.400002
89.85601
41.472004
171.360001
54.720001
170.035217
408.499268
99.360001
398.880005
342.144043
255.744019
421.63205
425.088043
162.432022
271.296021
188.400009
260.400024
203.904022
229.82402
95.040009
145.152008
109.900818
95.385612
100.224007
195.264023
188.697632
101.606415
224.640015
138.240021
243.360016
92.160004
220.96286
370.262085
57.600002
436.320007
124.416016
47.278088
107.827217
43.545605
39.398407
143.078415
145.152023
143.078415
98.49601
399.16803
129.600006
374.976044
445.824066
381.54245
136.85762
91.238411
243.855392
99.532814
336.960022
395.712036
288.576019
86.400009
248.832031
87.091209
83.607567
83.607567
56.733707
89.579536
256.296997
72.161293
107.495445
235.892776
62.208008
228.925476
206.530594
228.925476
385.689667
118.195213
143.078415
97.459213
111.974419
146.810898
95.551506
146.313248
474.854462
364.953644
161.740829
354.585663
116.4534
104.50946
107.495445
93.16272
171.694107
54.74305
164.229141
241.367081
223.948837
137.355286
165.888031
95.385612
188.117035
253.808685
191.103012
229.920807
250.822708
86.593552
197.074982
236.48999
225.740448
136.160904
207.824539
204.241348
236.48999
121.828178
404.899536
394.149963
388.800018
390.000031
223.948837
369.100861
160.800003
356.400024
459.360016
427.680023
264.0
27.6
171.072021
409.536041
415.051849
265.752625
129.392654
373.248047
245.0
346.0
584.75531
85.017609
36.0
36.0
36.0
115.0
40.800003
92.400002
38.880001
122.400002
38.0
140.0
41.472004
95.040009
610.0
456.0
423.0
314.0
447.0
383.0
273.600006
451.200012
386.983612
139.74408
265.0
457.0
570.323059
418.037842
58.0
437.0
419.0
377.0
129.600006
374.400024
574.387268
418.867249
244.800003
345.600006
573.119995
419.040009
244.68483
344.217651
385.689667
114.462738
404.899536
229.323624
78.0
416.0
179.0
458.0
565.0
333.0
596.160034
321.120026
38.016003
89.85601
55.0
68.0
56.0
91.0
396.000031
28.800001
397.0
29.0
101.952011
39.744003
104.400002
40.800003
568.800049
416.400024
512.593994
358.318115
553.0
293.0
447.840027
426.240021
497.664062
393.154602
174.0
33.600002
74.400002
37.200001
73.440002
36.0
328.0
44.0
78.0
41.0
459.360016
277.920013
384.480011
28.800001
72.0
284.0
500.0
394.0
501.120056
359.424042
381.0
130.0
86.400009
400.896027
118.800003
376.800018
254.016022
34.560005
494.400024
427.200012
495.0
427.0
157.200012
410.400024
233.280029
345.600037
372.650879
100.329086
263.0
453.0
52.800003
232.800003
106.0
231.0
216.0
145.0
213.0
139.0
100.0
146.0
24.0
89.0
175.200012
55.200001
45.600002
144.0
98.0
95.0
86.400002
400.320007
129.600006
277.200012
171.360001
336.960022
435.600006
381.600006
410.400024
423.600006
376.0
448.0
388.800018
397.440002
212.400009
372.0
329.0
397.0
344.0
350.0
265.0
425.0
407.0
272.0
130.800003
98.400002
254.400009
150.0
195.600006
198.000015
212.400009
138.0
201.600006
100.800003
176.400009
102.000008
121.200005
225.600006
230.400009
190.080002
141.12001
46.080002
129.600006
49.200001
211.680008
371.52002
463.104034
364.608032
400.800018
393.600006
37.440002
86.400002
406.080017
270.720001
112.320007
46.080002
176.400009
286.800018
163.200012
147.600006
192.0
231.600006
255.0
109.0
204.480011
105.120003
25.200001
283.200012
50.400002
194.400009
243.600006
62.400002
77.76001
41.472004
160.70401
53.568005
72.576004
283.392029
117.504013
376.704041
332.640015
256.320007
410.400024
423.360016
177.12001
260.640015
191.808014
231.552017
82.944008
145.152008
96.768005
95.040009
176.256027
101.606415
262.656036
172.800018
212.544022
138.240021
241.920013
108.000008
231.840012
92.160004
211.507233
371.174438
111.974419
45.619205
95.385612
43.545605
41.472004
65.664009
76.723213
41.472008
133.056015
143.424011
114.048019
95.385612
85.017609
400.204865
118.195213
375.321655
435.456055
381.54245
163.814423
269.568024
126.144012
93.312012
233.902115
99.532814
327.628845
396.057648
68.677643
83.607567
41.472008
89.16481
97.044495
236.390427
194.088989
228.925476
375.321655
118.195213
130.636826
97.459213
255.052841
109.900818
98.537491
146.313248
80.621582
146.313248
462.827576
363.294769
96.745903
93.16272
159.252502
52.254726
151.787537
241.367081
211.507233
146.810898
179.159088
254.405899
176.173096
232.906799
236.48999
89.579544
214.990891
136.160904
394.149963
394.149963
379.200012
390.000031
379.468842
387.763245
211.507233
370.759735
347.0
140.0
149.76001
358.560028
447.897675
425.088074
116.951057
375.736359
572.31366
85.017609
23.0
35.0
27.360001
93.600006
598.0
454.0
84.60289
400.619568
399.0
395.0
449.280029
385.920013
77.0
371.0
76.800003
370.800018
68.677643
283.668549
41.472004
36.288002
44.640003
40.32
41.760002
54.720001
42.0
74.0
41.472004
76.032005
250.90564
51.840008
436.0
382.0
86.400002
400.800018
499.680023
393.120026
255.600006
34.800003
561.600037
418.176025
365.484528
103.91227
46.800003
439.200012
118.080002
375.840027
559.87207
415.5495
561.600037
417.600006
373.248047
114.462738
394.149963
226.93483
583.0
320.0
236.390427
114.462738
92.400002
282.0
43.0
90.0
437.0
274.0
385.200012
28.800001
385.0
29.0
57.0
36.0
563.0
418.0
42.0
56.0
397.440033
395.712036
256.296997
59.719688
243.855392
69.672974
377.0
124.0
445.200012
427.200012
489.0
445.0
495.936035
393.984039
171.600006
33.600002
70.560005
36.0
74.400002
40.800003
124.416016
278.208038
381.600006
28.800001
69.0
284.0
497.0
394.0
499.737671
356.659241
378.0
130.800003
531.600037
418.800018
82.944008
402.624023
250.560028
32.832005
423.600006
429.600006
157.200012
411.600006
230.400009
345.600006
369.067719
96.745903
188.640015
444.960022
50.0
234.0
103.0
231.0
90.0
241.0
213.0
145.0
210.0
139.0
98.0
146.0
186.0
57.600002
173.0
56.0
158.0
54.0
115.200005
157.200012
43.0
144.0
130.0
147.0
193.0
198.0
95.0
95.0
266.400024
205.200012
274.800018
86.400002
82.800003
402.000031
115.0
378.0
107.0
280.0
127.0
278.0
168.480011
336.960022
432.000031
381.600006
408.0
424.0
373.200012
447.600006
387.072021
397.440033
210.000015
373.200012
326.0
397.0
404.400024
272.400024
423.600006
324.0
271.200012
142.800003
252.000015
151.200012
192.0
198.000015
210.000015
138.0
197.280014
100.800003
172.800003
102.000008
118.800003
225.600006
227.520004
190.080002
201.600006
194.400009
138.240005
46.080002
126.000008
48.0
208.800003
371.52002
459.648041
364.608032
111.600006
97.200005
403.200012
270.720001
109.200005
45.600002
174.0
288.0
160.800003
148.800003
188.400009
232.800003
148.320007
192.960007
46.080002
194.400009
264.960022
159.840012
74.304008
39.744003
157.248016
53.568005
126.144012
48.384003
66.355209
284.083252
83.520004
401.76001
115.200005
377.280029
328.800018
256.800018
407.808044
425.088043
148.608017
271.296021
174.240005
260.640015
190.080017
231.552017
79.200005
145.440002
95.040009
95.040009
172.800018
101.952011
260.640015
172.800003
210.816025
138.240021
228.960007
92.160004
209.433624
371.174438
60.480003
61.920002
129.600006
146.88002
312.768036
252.288025
429.23526
381.54245
162.0
270.0
266.11203
205.632019
231.413788
102.021133
324.864044
397.440033
274.752014
86.400009
234.316833
91.238411
65.691658
83.607567
67.184647
283.668518
277.862427
72.576012
92.067856
236.390427
47.278088
228.925476
191.600662
228.925476
371.52005
119.23201
128.563217
97.459213
250.90564
107.827217
95.551506
146.313248
77.635597
146.313248
460.339264
362.880066
146.810898
358.318115
101.523476
104.50946
93.16272
93.16272
156.764175
52.254726
124.416016
47.278088
149.299225
241.367081
209.018906
146.810898
176.173096
253.808685
173.187103
232.906799
236.48999
89.579544
182.742264
236.48999
211.407715
136.160904
222.157257
121.828178
390.566803
394.149963
376.800018
390.000031
377.395264
387.763245
209.018906
370.759735
344.0
140.0
146.880005
358.560028
423.360046
324.864044
400.896027
262.656036
249.0
29.0
400.121918
259.78067
231.600006
345.600006
568.166504
85.017609
595.0
454.0
82.944016
400.204865
445.200012
386.400024
73.200005
372.0
73.440002
371.52002
65.691658
283.668549
38.016003
36.288002
39.0
73.0
38.016003
76.032005
248.832031
47.278088
433.0
383.0
84.0
402.0
372.650879
136.160904
252.000015
34.800003
532.0
419.0
559.87207
416.793671
361.901337
100.329086
114.048012
376.704041
557.383789
415.5495
412.800018
406.800018
558.720032
417.600006
370.759735
114.462738
390.566803
229.323624
165.0
460.0
232.243225
111.974419
124.0
348.0
163.0
270.0
73.200005
284.400024
88.800003
282.0
39.0
67.0
39.0
90.0
433.200012
273.600006
381.600006
28.800001
383.0
29.0
496.800018
393.600006
54.000004
396.000031
558.0
417.600006
338.0
84.0
86.400009
38.016003
39.0
56.0
253.80867
59.719688
241.367081
74.649612
248.832031
55.987209
374.0
126.0
460.0
365.0
430.272034
426.81604
472.800018
445.200012
480.384033
393.984039
52.800003
34.800003
56.0
39.0
311.040009
397.440002
472.320007
443.52002
107.0
351.0
533.952026
331.776031
52.0
286.0
38.016003
36.288002
38.400002
57.600002
39.0
58.0
483.148865
356.659241
363.0
131.0
513.600037
418.800018
97.0
381.0
327.600006
351.600006
220.320007
102.240005
235.008026
32.832005
216.000015
348.480011
354.734985
100.329086
31.0
236.0
85.200005
232.800003
74.0
241.0
197.0
145.0
194.0
139.0
79.200005
145.200012
170.400009
56.400002
156.0
54.000004
37.200001
36.0
24.0
144.0
113.0
147.0
176.400009
199.200012
76.800003
93.600006
88.800003
282.0
152.400009
339.600006
417.600006
381.600006
393.600006
426.000031
359.0
449.0
372.0
399.0
194.0
375.0
312.0
398.400024
328.0
352.0
247.200012
427.200012
390.0
272.0
409.0
325.0
255.600006
145.200012
177.12001
197.280014
194.400009
138.0
157.200012
100.800003
100.800003
227.520004
213.12001
191.520004
186.0
195.600006
108.000008
46.080002
191.808014
374.976044
444.960022
364.320007
372.0
398.400024
388.800018
272.160004
91.200005
44.400002
157.200012
289.200012
144.0
146.880005
172.800003
234.000015
131.040009
192.960007
235.200012
109.200005
185.76001
103.680008
250.800003
157.200012
225.600006
61.200001
55.296005
38.016003
141.12001
51.840004
107.827217
45.619205
50.112003
286.848022
64.800003
406.080017
131.040009
272.160004
158.400009
262.080017
172.800018
233.280029
132.480011
243.360016
60.480007
145.152008
76.032005
93.312012
157.593628
101.606415
77.76001
38.016003
194.400009
138.240005
213.600006
92.400002
194.918427
373.248047
74.649612
41.472008
43.545605
60.134407
112.320007
146.88002
93.312012
95.385612
97.459213
379.468842
418.867249
381.54245
215.654434
103.680016
311.040039
396.057648
259.200012
89.85601
221.46051
87.091209
231.413788
72.161293
49.766407
286.15683
261.273651
76.723213
74.649612
238.878754
176.670746
231.413788
356.659241
118.195213
236.390427
107.827217
77.635597
146.313248
59.719692
143.327255
444.911713
364.290131
74.649612
92.565521
106.997772
47.278088
143.327255
143.327255
113.467415
146.313248
131.383316
241.864746
194.088989
144.322586
158.257187
256.794678
161.243179
229.323624
220.96286
86.593552
197.074982
136.160904
207.824539
118.244995
376.23407
397.135956
362.880066
389.836853
194.088989
373.248047
324.0
394.0
329.0
140.0
387.072021
264.384033
441.600006
421.200012
377.280029
396.000031
429.120026
427.680023
359.0
422.0
234.0
27.0
385.192017
259.78067
217.0
349.0
549.504028
86.400009
578.0
453.0
231.413788
52.254726
419.0
383.0
480.000031
393.600006
358.318146
146.313248
236.400009
33.600002
350.0
87.0
541.209656
414.720062
347.568604
96.745903
97.920006
380.160004
539.136047
414.720032
217.200012
348.0
106.800003
351.600006
543.0
417.0
442.0
422.0
479.52002
393.120026
355.829803
114.462738
376.23407
229.323624
51.600002
286.800018
216.483871
114.462738
21.0
89.0
367.200012
28.800001
368.0
29.0
34.800003
32.400002
481.0
394.0
34.800003
399.600006
194.400009
374.400024
471.744049
444.096039
63.600002
405.600006
350.784027
127.872009
238.878754
57.231369
389.836853
271.641632
232.243225
51.840008
445.0
366.0
535.200012
108.000008
536.400024
86.400002
534.988892
89.579529
546.435181
86.593552
537.477234
103.91227
523.584045
235.008026
534.988892
104.509453
542.453857
97.044495
426.240021
424.800018
466.800018
441.600006
476.92807
389.836853
438.000031
391.200012
190.0
375.0
148.800003
31.200001
46.800003
34.800003
46.080002
34.560001
307.200012
397.200012
101.0
351.0
528.480042
328.320007
46.0
286.0
31.68
36.0
31.200001
56.400002
32.0
57.0
478.800018
355.200012
358.0
131.0
510.000031
416.400024
214.560013
102.240005
210.816025
347.328033
351.151794
103.91227
24.0
234.000015
79.200005
231.600006
192.0
144.0
189.0
138.0
73.200005
144.0
164.400009
56.400002
150.0
54.000004
231.0
67.0
31.200001
36.0
106.800003
145.200012
172.0
197.0
246.240005
205.920013
256.0
78.0
60.000004
405.600006
83.0
282.0
148.800003
339.600006
412.800018
380.400024
388.800018
421.920013
367.0
397.0
189.600006
374.400024
306.720001
396.000031
324.0
350.0
243.0
427.0
386.0
271.0
171.600006
198.000015
189.600006
138.0
94.800003
226.800003
207.360016
190.080002
102.000008
46.800003
190.080017
373.248047
440.640045
362.880035
367.200012
397.200012
87.600006
94.800003
384.480011
270.720001
85.200005
43.200001
152.400009
288.0
138.240005
145.440002
168.480011
231.840012
126.000008
193.200012
230.400009
108.000008
180.0
103.680008
244.800003
158.400009
132.480011
95.040001
219.600006
61.200001
48.960003
38.880001
134.784012
51.840004
134.784012
412.992035
44.640003
285.120026
60.480003
404.640015
93.312012
380.160034
308.160004
256.320007
388.800049
423.360046
126.720001
272.160004
154.080002
262.080017
167.616013
231.552017
126.720001
241.920013
55.296005
143.424011
57.600002
194.400009
109.900818
101.606415
151.372818
99.532814
243.360016
175.680008
190.080017
138.240021
218.400009
108.000008
208.800003
92.400002
190.771225
373.248047
68.42881
41.472008
36.0
60.480003
107.827217
145.152023
60.480007
406.080048
93.312012
379.468842
138.240021
271.296021
209.433624
99.532814
306.892853
396.057648
180.403229
103.680016
226.02243
70.502411
43.545605
284.083252
257.126434
68.42881
68.42881
236.390427
171.694107
231.413788
352.512054
118.195213
71.663628
143.327255
53.913609
143.078415
68.677643
92.565521
107.495445
146.313248
126.904335
241.367081
125.411354
191.103012
186.624023
146.810898
126.904335
92.067856
154.076813
254.405899
155.271194
232.906799
161.243164
238.878769
189.90863
136.160904
372.650879
394.149963
357.600006
390.000031
356.659241
387.763245
188.117035
373.248077
437.76001
390.240021
324.0
140.0
125.280006
360.0
426.000031
424.800018
229.200012
26.400002
134.784012
412.646454
212.0
347.0
543.283264
87.091209
228.925476
47.278088
414.0
381.0
241.200012
454.800018
93.600006
380.400024
230.400009
33.600002
510.0
416.0
535.679993
413.280029
340.402252
96.745903
534.988892
413.061188
211.680008
347.040009
211.507233
345.876526
475.200012
391.680023
350.85318
114.462738
38.400002
422.400024
528.0
330.0
361.200012
30.000002
93.0
380.0
476.400024
391.200012
376.704041
393.984039
94.0
280.0
347.568604
125.411354
58.0
410.0
345.600037
127.872009
354.0
124.0
409.536041
423.360046
451.200012
439.200012
460.339264
387.763245
172.800003
374.400024
133.200012
31.200001
73.200005
282.0
74.304008
281.664032
420.480011
276.480011
515.52002
407.52002
290.880005
397.440002
345.600006
30.240002
450.720032
439.200012
27.0
288.0
461.0
390.0
461.376038
354.240021
343.0
131.0
339.840027
446.400024
198.720001
102.240005
214.272018
32.832005
455.040009
420.480011
456.000031
421.200012
195.264023
349.05603
61.0
233.0
48.0
243.0
176.400009
144.0
173.0
138.0
55.200001
144.0
148.800003
55.200001
117.600006
50.400002
147.0
99.0
156.0
198.0
248.0
33.0
237.600006
130.800003
43.0
410.0
75.600006
382.800018
131.040009
339.840027
398.400024
379.200012
373.0
422.0
340.0
447.0
173.0
375.0
290.400024
397.200012
228.0
427.0
370.0
272.0
390.000031
322.800018
87.600006
96.0
217.200012
150.0
154.800003
199.200012
172.800003
136.800003
159.840012
99.360001
135.600006
102.000008
191.520004
190.080002
165.600006
195.600006
97.920006
43.200001
84.960007
44.640003
172.800018
374.976044
425.088043
361.152039
352.800018
396.000031
69.600006
94.800003
368.640015
270.720001
67.392006
43.200005
136.800003
290.400024
151.200012
234.000015
108.000008
194.400009
228.960007
161.279999
115.200005
95.040001
204.000015
61.200001
117.504013
416.448029
117.504013
50.112003
84.672005
44.928005
60.480003
283.680023
41.760002
407.52002
74.649612
381.54245
294.0
256.800018
373.248047
421.63205
421.920013
352.800018
136.800003
262.080017
151.200012
233.280014
109.440002
243.360016
134.784012
99.532814
53.280003
37.440002
228.096024
176.256012
172.800018
138.240021
192.960007
90.720001
174.182419
375.736359
89.16481
145.152023
70.502411
93.312012
398.131256
379.468842
122.342415
271.641632
196.577301
97.044495
292.377655
396.057648
163.814423
101.606415
196.577301
89.579529
207.360031
68.42881
48.384003
238.46402
154.275864
231.413788
337.996857
120.268814
216.483871
109.486099
425.088074
360.806458
106.997772
363.294769
59.719692
101.523476
116.951057
49.766407
89.579529
141.834259
109.486099
241.367081
106.997772
194.088989
171.694107
146.810898
137.355286
256.794678
139.74408
229.323624
146.910446
236.48999
175.575897
136.160904
358.318176
394.149963
344.0
390.0
342.144043
388.800049
174.182419
373.248047
27.0
384.0
309.0
140.0
152.0
296.0
109.200005
362.400024
388.800049
321.40802
357.600006
394.800018
410.400024
423.600006
394.560028
414.720032
364.290131
253.808685
74.649612
383.201324
526.694458
89.16481
554.400024
446.400024
41.472008
406.425659
363.600006
393.600006
32.400002
376.800018
50.400002
430.560028
375.600006
312.0
399.0
380.0
337.41626
140.341278
216.000015
33.600002
516.326477
408.499268
326.069519
96.745903
372.0
375.0
515.082336
408.084534
520.0
412.0
454.46405
421.63205
460.800018
390.000031
335.923248
114.462738
26.400002
288.0
540.0
315.600006
123.600006
272.400024
346.800018
30.000002
347.0
30.0
76.0
383.0
519.600037
411.600006
462.827576
353.341492
421.0
354.0
500.0
290.0
206.032928
68.677643
369.100861
269.568024
339.0
125.0
513.0
109.0
513.600037
88.800003
512.593994
89.579529
525.533264
89.579536
512.394958
103.91227
501.120056
233.280029
512.593994
106.997772
520.473694
99.532814
