4
5
7
8
20
6
2
2
4
3
6
6
9
2
3
14
2
2
3
2
2
6
6
3
2
7
2
2
2
4
2
2
3
10
4
2
5
4
3
2
3
5
2
2
2
4
6
14
3
4
18
3
3
2
4
6
5
4
4
3
5
4
4
10
6
4
2
3
2
7
4
15
3
2
4
2
7
3
4
3
10
3
20
2
5
11
11
2
4
17
2
2
3
6
3
5
5
3
3
6
2
3
2
3
3
2
6
3
6
9
4
4
6
15
10
9
19
11
2
20
20
6
18
12
4
3
5
6
16
13
14
4
2
4
2
4
9
8
5
18
13
12
18
5
10
9
5
4
6
12
3
8
4
3
18
15
6
7
4
19
6
20
19
15
16
19
19
11
16
20
14
14
15
7
8
18
20
14
2
14
11
18
13
20
11
9
15
7
20
6
20
8
18
4
12
5
20
17
6
7
7
8
13
12
15
16
6
3
20
12
10
13
9
2
7
2
11
5
11
18
5
4
11
14
14
3
6
8
17
14
8
8
7
11
12
17
16
17
3
5
16
20
14
20
3
17
13
2
10
8
5
6
7
4
18
7
6
8
20
8
15
17
3
3
13
13
7
8
5
13
10
5
3
7
11
10
16
17
13
15
6
3
18
16
11
6
4
3
15
10
20
8
8
3
6
13
8
11
12
9
3
9
20
15
9
20
20
12
3
3
14
14
9
13
18
7
7
18
11
9
7
10
18
4
6
14
9
7
9
5
20
8
20
9
8
10
13
9
3
13
20
7
7
12
9
5
13
11
2
10
14
20
7
6
20
2
3
3
13
15
2
2
3
3
6
6
19
10
3
5
3
3
2
5
14
3
3
3
4
4
2
3
7
7
5
4
3
2
4
6
18
9
4
3
3
5
2
2
2
2
9
4
9
2
5
2
15
3
4
13
3
4
3
13
3
3
4
3
4
6
2
3
2
6
3
4
5
3
3
2
2
3
2
2
3
2
4
6
7
4
4
2
3
2
2
5
2
10
2
3
3
3
2
4
2
10
2
3
4
3
16
8
2
2
2
2
2
3
3
2
13
14
5
2
2
7
8
3
6
4
7
3
3
4
3
2
7
6
3
2
2
6
3
4
5
3
2
3
2
3
3
6
2
18
15
4
5
2
2
4
7
6
3
2
2
2
2
3
3
6
10
2
6
3
2
4
8
2
9
8
2
3
2
3
2
3
3
4
3
5
2
2
2
2
2
2
2
2
2
2
2
2
5
5
2
2
4
4
2
2
2
2
2
2
2
2
2
