1070
1073
1080
1082
882
0
1668
1670
1685
1688
1697
1700
1613
1621
1626
1627
1628
1636
1637
3189
3201
3224
3228
3229
3283
3301
3422
3423
2403
2436
2437
2438
2441
2442
3676
3349
3356
3370
3317
3124
3127
3141
3143
3146
3149
1525
1541
1560
1563
1243
1248
1250
1252
1253
1258
1259
1260
2007
2018
1884
1891
1894
1925
1926
1927
1928
1341
1483
1484
1488
1490
1491
1492
1495
1496
1498
1359
1360
1361
1368
1372
1378
927
931
932
935
937
938
939
942
943
944
945
951
955
957
959
960
962
963
964
965
968
970
974
976
881
980
982
988
995
996
997
4
16
17
22
23
25
28
29
34
37
41
43
48
49
50
52
53
54
56
57
59
61
63
70
71
75
77
79
80
83
90
94
102
103
104
105
115
124
125
127
131
132
133
138
144
148
150
154
161
162
163
165
168
169
171
173
174
181
193
194
196
197
199
204
206
210
217
218
219
222
225
226
228
229
235
241
260
262
266
267
268
270
272
273
276
278
281
282
284
285
286
290
299
304
305
308
310
311
312
316
318
319
320
326
333
339
340
345
346
348
352
356
360
362
363
366
367
368
375
381
382
383
385
388
390
394
397
407
408
414
416
417
427
435
439
442
443
444
451
452
458
459
461
465
469
472
473
475
479
480
483
485
486
487
488
492
493
495
496
497
498
499
500
507
508
516
517
519
522
536
547
550
559
566
570
572
587
595
602
605
608
612
613
616
617
618
622
623
638
640
641
642
653
658
660
663
665
671
680
682
683
684
685
690
698
699
702
704
714
716
718
719
720
721
732
733
739
748
749
752
753
755
757
760
761
769
770
792
793
802
812
818
819
821
825
840
841
851
858
865
869
875
891
896
903
905
907
915
916
917
918
919
920
921
924
1284
1286
1289
1017
1032
1038
1040
1045
1050
1053
1054
1055
1129
1133
1136
1143
1144
1147
1150
1163
1170
1177
1391
1399
1406
1409
1415
1419
1423
1424
1429
1432
1436
1451
1458
1216
1223
1233
1191
1195
1196
1198
1202
1209
1298
1303
1322
1324
1327
2744
2753
2766
2781
2784
2786
2787
2789
2790
2864
2878
2881
2888
2894
2895
2914
2915
2917
2922
2924
2926
1102
1107
1109
1116
1122
2080
2116
2119
2121
2126
1982
1986
1997
2003
1726
1740
1748
1752
1760
1767
1773
1789
1803
1805
1806
1810
1817
2137
2149
2150
2255
2286
2294
2295
2296
2450
2454
2456
2195
2206
1605
2345
2352
2366
2367
2370
2371
2387
2392
2228
2230
2244
2333
2522
2524
2542
2563
2500
2503
2505
1937
1940
1941
1949
1821
1829
1832
1840
1854
1856
2056
2057
2059
2064
2619
2625
2630
2723
2637
2674
2677
2683
2696
2978
2994
2995
2997
2999
3000
2932
3014
3016
3037
3070
3072
2956
2957
2806
2841
2849
2853
2859
3550
3587
3627
4092
4104
3905
3085
3098
3480
3481
3506
4117
4256
4257
5067
4049
4054
4179
4438
5512
5517
5557
5564
5569
5598
5605
5606
