-4996.746780430802
-573.9871658789541
-131628.8081622082
54769.29021893673
38415.61142023557
-8124.746634600556
-939.501081604042
6628.449885509659
3376.404696437408
2180.7870108393367
7378.2277791845645
2915.6268832018327
4584.973699826798
1485.0714662674811
7593.003664405613
-6475.231692365777
2990.02968758038
2037.7057565095222
-13340.36923177812
-4382.728162333685
11906.50264562203
-35040.93644805883
-10728.529942449893
-1605.256522309365
-59902.159048944864
15189.54415978146
-179570.057614231
41979.99748909376
-5438.607413704672
-13660.673543184821
-88432.27983181881
3546.044452181036
-293760.1005542872
84602.27271050445
3938.750535168965
-32426.853555983453
-177.44265370754513
19232.21989585508
2836.347774080193
-854.1973389764048
-6423.793980217882
8229.030422739263
-38532.27530510734
-8570.057821816967
-24600.587038310383
-5658.489716269898
-18846.18110584043
7592.38290661156
-25219.79383350131
-7220.078951929884
-23745.788540924073
-2931.0736216452756
-22970.530619841364
6663.165836587659
-39897.88328511779
-2226.1489070551524
1751.0558625910407
3663.2617207544076
-19094.70338050903
-5031.771167878718
-138862.93978273805
-10559.775068436029
-34288.75301112009
12545.675190970132
-55086.57221920024
-17096.126557275074
-89510.77391717846
10006.510252795653
-28133.752978874094
10510.494555605206
-50206.942372515325
-29946.751065101693
-151161.22127529688
-15239.110591332528
-55695.239691070215
9417.493085185468
-47420.57793423716
-24759.365013533003
75686.87854139986
2527.692714210046
-37271.60674491891
51217.871646775646
56501.20019525646
38419.661718831
83094.57626646425
-15515.687413948874
-37988.88100133363
51091.64783824665
53293.494480008325
40299.40092382123
-17685.680448927113
8260.741852942849
5887.857277162879
10512.802817256874
-3454.651621820291
-2790.515345704327
-38211.109089547106
2046.5624232380137
-59421.96443436068
25334.881186975243
-41484.84076653555
6889.452653060218
-94041.45726983342
-9425.34449632384
-42233.806327270635
4752.2698712529245
-48701.71684009516
996.6811546257564
-101329.5123534403
11032.410239803014
-71552.27689038585
-724.3448890974157
-48096.515170931234
-28349.087159493956
-182324.54776740418
77153.2191442892
-114377.1593145795
14295.983854194521
-73824.74817551069
-40711.89573611747
-55832.7968035069
3136.714613049829
-65611.78984272889
16710.971991643248
-41585.51843643927
-30140.24688988824
-30709.999463491942
3064.4910995485548
-34489.55033478946
17070.289866278952
-15918.31822285663
-17847.36838027776
152170.31180903444
4200.4841797857225
-56138.23350910752
13123.432178045818
35538.31351935294
41647.8204341039
143852.76485570532
23985.225907990596
-97014.75722958035
27897.784504197843
64984.275580230176
51560.71857786881
63084.97147904679
-4525.811373992069
-25588.173224767797
14844.874647262655
27887.45582874083
24049.831607732187
-7713.822736638044
-8293.675130633472
-23742.048892688184
18355.463069516354
3010.3043275879477
-13405.299171753632
6537.046462188535
142.55625241059903
-30331.75829464511
22052.568233755148
-15253.95847285661
-28733.79564285398
-113699.30973894778
22075.936768098883
-78183.48841606075
46741.66853469684
-50837.2822353475
-57209.77530439296
-68599.22230278575
-6268.3528585582835
-61103.51800096066
38800.47205722037
-53736.34918369392
-58379.023108532216
1847.6115327861073
16442.936139878904
-76472.62214234218
41349.42785448935
-53223.986217729325
-43248.613387703845
1178.7954609132526
13496.388722327163
-42500.371449217586
29965.227328320863
21665.458905666455
2666.41363812007
-565.9813021684937
33021.76168199411
-59187.87515459388
36910.27309977166
20748.68816257759
4590.683054259049
237.95299509950038
66309.42850568895
-79454.07248477523
35366.358749207095
20906.977892012143
8040.140963153956
8374.355799078412
-23368.873542622165
-19522.970693671537
18791.078020857876
9302.644108941791
3787.89241464099
-6963.262069470628
-7823.13866875628
5212.374348317955
13583.864914584858
3862.097640708508
500.43969138222025
630.9616798670767
25609.043840957005
-43142.63118084583
6211.095259714045
27404.38078883619
-551.376863965206
-17487.768968816905
92780.14904099904
-152367.33470775935
24762.91880471652
36618.91464383389
-9019.338784345382
9630.609715887384
44823.3085214094
-9380.24105248587
7827.292767512336
15478.696657936693
6527.23659448423
20252.04741602632
-25790.16643535427
-21275.407819464384
24758.146056245696
5906.67927789974
1491.014877734066
11844.857452828865
-33230.460639942234
-7481.706371771616
19724.854912518782
1974.7750855539712
-1502.4266788724776
1545.6181437938028
-18119.01722818888
-11200.730702136927
17657.238415431926
5135.668605429313
-3423.324033146549
-551.2206804758425
-10733.596714506313
-12831.261941493427
16982.22481708423
5920.028997094463
-1142.9181447256158
