-0.012763543048608822
-0.001466175938660108
-0.33622875707753375
0.13990106446636455
0.09812770821629105
-0.020753613898526025
-0.006905012674432922
0.048716847023894616
0.024815423504473418
0.016028041100681498
0.05422745894356967
0.021428863656072872
0.031477784611846034
0.010195644033930237
0.052129183186840615
-0.044455205606040646
0.02052781905646175
0.013989712287367877
-0.06251818254506065
-0.020539176580319764
0.05579852348457294
-0.16421551932694264
-0.05027808314214337
-0.007522859266467961
-0.13245343513773294
0.03358655738093604
-0.3970586595960845
0.09282461538590928
-0.012025647251247346
-0.030205975307359918
-0.15018970681838326
0.0060224544436815125
-0.4989099394598267
0.14368498198536417
0.006689410125271111
-0.055072419685186766
-0.0010988365706304302
0.11909800780370722
0.01756445023822932
-0.00528972744146105
-0.03978017460949905
0.050959334637992945
-0.17180240485647227
-0.03821099407934571
-0.10968571102009339
-0.02522929501082256
-0.08402875798810751
0.03385187175215023
-0.11505247058379935
-0.03293793465219204
-0.10832807181653699
-0.01337153126070878
-0.10479135221648454
0.030397302074318663
-0.2312363565360455
-0.012902102066305484
0.010148602993875324
0.02123118380220388
-0.11066726541085434
-0.029162660672211706
-0.4145079203468448
-0.03152108409771687
-0.10235243272368634
0.037449025210702605
-0.16443422935840385
-0.05103218955561439
-0.3013426387283126
0.03368743305503538
-0.0947137309730869
0.03538412221367009
-0.16902426193983022
-0.10081728257257044
-0.42406316626146645
-0.04275134478174008
-0.15624575860016746
0.026419553257485233
-0.13303227014895488
-0.06945918161867908
0.25791606636250797
0.008613548007077957
-0.12700941542200916
0.17453371359965034
0.19253756503051037
0.13092161035652947
0.28521385855539283
-0.05325605201091427
-0.13039305114026858
0.17536699354685423
0.18292461288689688
0.13832368069482057
-0.14983918860211295
0.06998785599858334
0.049883958921617386
0.08906809373949404
-0.029269000840051268
-0.023642209096198304
-0.1230745711537574
0.0065917948623039685
-0.1913928426608631
0.08160139058018981
-0.1336189686292037
0.022190311952799493
-0.29282030569448675
-0.029348037948522143
-0.13150493876236635
0.014797315533405339
-0.15164430695756123
0.0031034023594513887
-0.2791342950945258
0.030391185982811927
-0.19710638991867288
-0.0019953663580091724
-0.13249236621126642
-0.07809375844262566
-0.4120166751009856
0.17435070161655353
-0.2584692926177316
0.03230603781569144
-0.16682902909072453
-0.09200066652380831
-0.17263465650595708
0.009698701852368265
-0.20287124146947796
0.05167022027950424
-0.1285821614160284
-0.0931934537894003
-0.13918094013389268
0.013888595236680483
-0.15631026129120565
0.0773643449512654
-0.07214348858069763
-0.0808861463197342
0.4799131779736202
0.01324744418135048
-0.17704818849941686
0.041388546606850776
0.11208037085643244
0.1313484714764107
0.34946300867294205
0.0582675572340531
-0.23567895258135238
0.06777237627601773
0.15786697241084105
0.12525698662542084
0.3959864834610987
-0.028408669906280545
-0.16061782221514836
0.09318177643851062
0.17505049629716757
0.15096160024960273
-0.04862062868993593
-0.05227546869676107
-0.1496473775663666
0.11569544502182186
0.018974105829550208
-0.0844943027290001
0.036012755701725435
0.0007853460307359746
-0.16709843012239167
0.12148816089827422
-0.0840344463122169
-0.1582952131141758
-0.4074145058027464
0.07910388276901531
-0.2801519848106241
0.16748768158911717
-0.18216334176366583
-0.20499765905563122
-0.29593471500839613
-0.027041461324178596
-0.26359850124555095
0.16738391857801657
-0.23181678519732046
-0.25184512281840365
0.006720599530163177
0.05981040220588745
-0.2781655447155453
0.1504065873589501
-0.19359973155660784
-0.15731478487543077
0.006264821219888966
0.07172784869225718
-0.22587228890578104
0.159253066583598
0.11514315349135872
0.014170910302075929
-0.002533481264719446
0.14781409602901835
-0.2649405063881004
0.16522009652204217
0.09287658890142514
0.02054910553700226
0.0008281133672411164
0.23076710632164446
-0.2765125081904258
0.12308041938541961
0.07275952905635902
0.027980938854358785
0.06360620620772615
-0.17749489334545335
-0.14828389544491566
0.14272491068407797
0.07065688557626809
0.02877038805120401
-0.0869294929356438
-0.0976642083631805
0.06507137812270845
0.16958122175357326
0.048214498639466
0.006247498396973838
0.0025234499934603323
0.10242007331824389
-0.17254339818878062
0.024840475725576214
0.10960029226646788
-0.0022051607699223427
-0.03804173753302176
0.20182780801747446
-0.33144983593357674
0.05386761795631642
0.0796583682063075
-0.019620073856607162
0.05268490573909827
0.24520895914505247
-0.051315246930313564
0.04281973767127324
0.08467726327256207
0.03570769191797823
0.17236321229889107
-0.21949760640017876
-0.1810729334867098
0.21071418099893727
0.0502711747332979
0.01268988308353998
0.14896612338086598
-0.4179208504117881
-0.0940932213760466
0.24806842819929434
0.024835637762262507
-0.018895176991950233
0.018152134322703916
-0.21279436699298254
-0.13154424269281048
0.2073711186504338
0.06031460405467593
-0.040204391964039146
-0.00629556796531333
-0.12258989914911188
-0.146547625106657
0.19395634874564543
0.06761347356499857
-0.013053426900998264
