391485.87201854016
0.0
0.0
0.0
0.0
0.0
0.0
391485.87201854016
0.0
0.0
0.0
0.0
0.0
0.0
391485.87201854016
0.0
0.0
0.0
0.0
0.0
0.0
391485.87201854016
0.0
0.0
0.0
0.0
0.0
0.0
391485.87201854016
0.0
0.0
0.0
0.0
0.0
0.0
391485.87201854016
136060.73238398496
0.0
0.0
0.0
0.0
0.0
0.0
136060.73238398496
0.0
0.0
0.0
0.0
0.0
0.0
136060.73238398496
0.0
0.0
0.0
0.0
0.0
0.0
136060.73238398496
0.0
0.0
0.0
0.0
0.0
0.0
136060.73238398496
0.0
0.0
0.0
0.0
0.0
0.0
136060.73238398496
145657.44560375877
0.0
0.0
0.0
0.0
0.0
0.0
145657.44560375877
0.0
0.0
0.0
0.0
0.0
0.0
145657.44560375877
0.0
0.0
0.0
0.0
0.0
0.0
145657.44560375877
0.0
0.0
0.0
0.0
0.0
0.0
145657.44560375877
0.0
0.0
0.0
0.0
0.0
0.0
145657.44560375877
213383.829930803
0.0
0.0
0.0
0.0
0.0
0.0
213383.829930803
0.0
0.0
0.0
0.0
0.0
0.0
213383.829930803
0.0
0.0
0.0
0.0
0.0
0.0
213383.829930803
0.0
0.0
0.0
0.0
0.0
0.0
213383.829930803
0.0
0.0
0.0
0.0
0.0
0.0
213383.829930803
452250.7021932277
0.0
0.0
0.0
0.0
0.0
0.0
452250.7021932277
0.0
0.0
0.0
0.0
0.0
0.0
452250.7021932277
0.0
0.0
0.0
0.0
0.0
0.0
452250.7021932277
0.0
0.0
0.0
0.0
0.0
0.0
452250.7021932277
0.0
0.0
0.0
0.0
0.0
0.0
452250.7021932277
588803.8648264721
0.0
0.0
0.0
0.0
0.0
0.0
588803.8648264721
0.0
0.0
0.0
0.0
0.0
0.0
588803.8648264721
0.0
0.0
0.0
0.0
0.0
0.0
588803.8648264721
0.0
0.0
0.0
0.0
0.0
0.0
588803.8648264721
0.0
0.0
0.0
0.0
0.0
0.0
588803.8648264721
161482.29723164547
0.0
0.0
0.0
0.0
0.0
0.0
161482.29723164547
0.0
0.0
0.0
0.0
0.0
0.0
161482.29723164547
0.0
0.0
0.0
0.0
0.0
0.0
161482.29723164547
0.0
0.0
0.0
0.0
0.0
0.0
161482.29723164547
0.0
0.0
0.0
0.0
0.0
0.0
161482.29723164547
224282.51419005514
0.0
0.0
0.0
0.0
0.0
0.0
224282.51419005514
0.0
0.0
0.0
0.0
0.0
0.0
224282.51419005514
0.0
0.0
0.0
0.0
0.0
0.0
224282.51419005514
0.0
0.0
0.0
0.0
0.0
0.0
224282.51419005514
0.0
0.0
0.0
0.0
0.0
0.0
224282.51419005514
219202.54041943655
0.0
0.0
0.0
0.0
0.0
0.0
219202.54041943655
0.0
0.0
0.0
0.0
0.0
0.0
219202.54041943655
0.0
0.0
0.0
0.0
0.0
0.0
219202.54041943655
0.0
0.0
0.0
0.0
0.0
0.0
219202.54041943655
0.0
0.0
0.0
0.0
0.0
0.0
219202.54041943655
172541.56691790998
0.0
0.0
0.0
0.0
0.0
0.0
172541.56691790998
0.0
0.0
0.0
0.0
0.0
0.0
172541.56691790998
0.0
0.0
0.0
0.0
0.0
0.0
172541.56691790998
0.0
0.0
0.0
0.0
0.0
0.0
172541.56691790998
0.0
0.0
0.0
0.0
0.0
0.0
172541.56691790998
335006.7223481344
0.0
0.0
0.0
0.0
0.0
0.0
335006.7223481344
0.0
0.0
0.0
0.0
0.0
0.0
335006.7223481344
0.0
0.0
0.0
0.0
0.0
0.0
335006.7223481344
0.0
0.0
0.0
0.0
0.0
0.0
335006.7223481344
0.0
0.0
0.0
0.0
0.0
0.0
335006.7223481344
297039.8556769806
0.0
0.0
0.0
0.0
0.0
0.0
297039.8556769806
0.0
0.0
0.0
0.0
0.0
0.0
297039.8556769806
0.0
0.0
0.0
0.0
0.0
0.0
297039.8556769806
0.0
0.0
0.0
0.0
0.0
0.0
297039.8556769806
0.0
0.0
0.0
0.0
0.0
0.0
297039.8556769806
356459.210093467
0.0
0.0
0.0
0.0
0.0
0.0
356459.210093467
0.0
0.0
0.0
0.0
0.0
0.0
356459.210093467
0.0
0.0
0.0
0.0
0.0
0.0
356459.210093467
0.0
0.0
0.0
0.0
0.0
0.0
356459.210093467
0.0
0.0
0.0
0.0
0.0
0.0
356459.210093467
293455.4625031382
0.0
0.0
0.0
0.0
0.0
0.0
293455.4625031382
0.0
0.0
0.0
0.0
0.0
0.0
293455.4625031382
0.0
0.0
0.0
0.0
0.0
0.0
293455.4625031382
0.0
0.0
0.0
0.0
0.0
0.0
293455.4625031382
0.0
0.0
0.0
0.0
0.0
0.0
293455.4625031382
291341.2997788326
0.0
0.0
0.0
0.0
0.0
0.0
291341.2997788326
0.0
0.0
0.0
0.0
0.0
0.0
291341.2997788326
0.0
0.0
0.0
0.0
0.0
0.0
291341.2997788326
0.0
0.0
0.0
0.0
0.0
0.0
291341.2997788326
0.0
0.0
0.0
0.0
0.0
0.0
291341.2997788326
118031.07460685835
0.0
0.0
0.0
0.0
0.0
0.0
118031.07460685835
0.0
0.0
0.0
0.0
0.0
0.0
118031.07460685835
0.0
0.0
0.0
0.0
0.0
0.0
118031.07460685835
0.0
0.0
0.0
0.0
0.0
0.0
118031.07460685835
0.0
0.0
0.0
0.0
0.0
0.0
118031.07460685835
310471.194263272
0.0
0.0
0.0
0.0
0.0
0.0
310471.194263272
0.0
0.0
0.0
0.0
0.0
0.0
310471.194263272
0.0
0.0
0.0
0.0
0.0
0.0
310471.194263272
0.0
0.0
0.0
0.0
0.0
0.0
310471.194263272
0.0
0.0
0.0
0.0
0.0
0.0
310471.194263272
321157.5681091984
0.0
0.0
0.0
0.0
0.0
0.0
321157.5681091984
0.0
0.0
0.0
0.0
0.0
0.0
321157.5681091984
0.0
0.0
0.0
0.0
0.0
0.0
321157.5681091984
0.0
0.0
0.0
0.0
0.0
0.0
321157.5681091984
0.0
0.0
0.0
0.0
0.0
0.0
321157.5681091984
363013.4818049719
0.0
0.0
0.0
0.0
0.0
0.0
363013.4818049719
0.0
0.0
0.0
0.0
0.0
0.0
363013.4818049719
0.0
0.0
0.0
0.0
0.0
0.0
363013.4818049719
0.0
0.0
0.0
0.0
0.0
0.0
363013.4818049719
0.0
0.0
0.0
0.0
0.0
0.0
363013.4818049719
442517.3998666833
0.0
0.0
0.0
0.0
0.0
0.0
442517.3998666833
0.0
0.0
0.0
0.0
0.0
0.0
442517.3998666833
0.0
0.0
0.0
0.0
0.0
0.0
442517.3998666833
0.0
0.0
0.0
0.0
0.0
0.0
442517.3998666833
0.0
0.0
0.0
0.0
0.0
0.0
442517.3998666833
323415.92316129344
0.0
0.0
0.0
0.0
0.0
0.0
323415.92316129344
0.0
0.0
0.0
0.0
0.0
0.0
323415.92316129344
0.0
0.0
0.0
0.0
0.0
0.0
323415.92316129344
0.0
0.0
0.0
0.0
0.0
0.0
323415.92316129344
0.0
0.0
0.0
0.0
0.0
0.0
323415.92316129344
220648.02431962872
0.0
0.0
0.0
0.0
0.0
0.0
220648.02431962872
0.0
0.0
0.0
0.0
0.0
0.0
220648.02431962872
0.0
0.0
0.0
0.0
0.0
0.0
220648.02431962872
0.0
0.0
0.0
0.0
0.0
0.0
220648.02431962872
0.0
0.0
0.0
0.0
0.0
0.0
220648.02431962872
317078.83590852114
0.0
0.0
0.0
0.0
0.0
0.0
317078.83590852114
0.0
0.0
0.0
0.0
0.0
0.0
317078.83590852114
0.0
0.0
0.0
0.0
0.0
0.0
317078.83590852114
0.0
0.0
0.0
0.0
0.0
0.0
317078.83590852114
0.0
0.0
0.0
0.0
0.0
0.0
317078.83590852114
411639.46193325217
0.0
0.0
0.0
0.0
0.0
0.0
411639.46193325217
0.0
0.0
0.0
0.0
0.0
0.0
411639.46193325217
0.0
0.0
0.0
0.0
0.0
0.0
411639.46193325217
0.0
0.0
0.0
0.0
0.0
0.0
411639.46193325217
0.0
0.0
0.0
0.0
0.0
0.0
411639.46193325217
159310.9212406847
0.0
0.0
0.0
0.0
0.0
0.0
159310.9212406847
0.0
0.0
0.0
0.0
0.0
0.0
159310.9212406847
0.0
0.0
0.0
0.0
0.0
0.0
159310.9212406847
0.0
0.0
0.0
0.0
0.0
0.0
159310.9212406847
0.0
0.0
0.0
0.0
0.0
0.0
159310.9212406847
158653.2906810138
0.0
0.0
0.0
0.0
0.0
0.0
158653.2906810138
0.0
0.0
0.0
0.0
0.0
0.0
158653.2906810138
0.0
0.0
0.0
0.0
0.0
0.0
158653.2906810138
0.0
0.0
0.0
0.0
0.0
0.0
158653.2906810138
0.0
0.0
0.0
0.0
0.0
0.0
158653.2906810138
181520.30675828934
0.0
0.0
0.0
0.0
0.0
0.0
181520.30675828934
0.0
0.0
0.0
0.0
0.0
0.0
181520.30675828934
0.0
0.0
0.0
0.0
0.0
0.0
181520.30675828934
0.0
0.0
0.0
0.0
0.0
0.0
181520.30675828934
0.0
0.0
0.0
0.0
0.0
0.0
181520.30675828934
279075.26148319413
0.0
0.0
0.0
0.0
0.0
0.0
279075.26148319413
0.0
0.0
0.0
0.0
0.0
0.0
279075.26148319413
0.0
0.0
0.0
0.0
0.0
0.0
279075.26148319413
0.0
0.0
0.0
0.0
0.0
0.0
279075.26148319413
0.0
0.0
0.0
0.0
0.0
0.0
279075.26148319413
231805.25576676425
0.0
0.0
0.0
0.0
0.0
0.0
231805.25576676425
0.0
0.0
0.0
0.0
0.0
0.0
231805.25576676425
0.0
0.0
0.0
0.0
0.0
0.0
231805.25576676425
0.0
0.0
0.0
0.0
0.0
0.0
231805.25576676425
0.0
0.0
0.0
0.0
0.0
0.0
231805.25576676425
274917.6653799586
0.0
0.0
0.0
0.0
0.0
0.0
274917.6653799586
0.0
0.0
0.0
0.0
0.0
0.0
274917.6653799586
0.0
0.0
0.0
0.0
0.0
0.0
274917.6653799586
0.0
0.0
0.0
0.0
0.0
0.0
274917.6653799586
0.0
0.0
0.0
0.0
0.0
0.0
274917.6653799586
188161.06949244192
0.0
0.0
0.0
0.0
0.0
0.0
188161.06949244192
0.0
0.0
0.0
0.0
0.0
0.0
188161.06949244192
0.0
0.0
0.0
0.0
0.0
0.0
188161.06949244192
0.0
0.0
0.0
0.0
0.0
0.0
188161.06949244192
0.0
0.0
0.0
0.0
0.0
0.0
188161.06949244192
223400.6266595264
0.0
0.0
0.0
0.0
0.0
0.0
223400.6266595264
0.0
0.0
0.0
0.0
0.0
0.0
223400.6266595264
0.0
0.0
0.0
0.0
0.0
0.0
223400.6266595264
0.0
0.0
0.0
0.0
0.0
0.0
223400.6266595264
0.0
0.0
0.0
0.0
0.0
0.0
223400.6266595264
287343.5021248934
0.0
0.0
0.0
0.0
0.0
0.0
287343.5021248934
0.0
0.0
0.0
0.0
0.0
0.0
287343.5021248934
0.0
0.0
0.0
0.0
0.0
0.0
287343.5021248934
0.0
0.0
0.0
0.0
0.0
0.0
287343.5021248934
0.0
0.0
0.0
0.0
0.0
0.0
287343.5021248934
131659.41341839047
0.0
0.0
0.0
0.0
0.0
0.0
131659.41341839047
0.0
0.0
0.0
0.0
0.0
0.0
131659.41341839047
0.0
0.0
0.0
0.0
0.0
0.0
131659.41341839047
0.0
0.0
0.0
0.0
0.0
0.0
131659.41341839047
0.0
0.0
0.0
0.0
0.0
0.0
131659.41341839047
80102.41213100961
0.0
0.0
0.0
0.0
0.0
0.0
80102.41213100961
0.0
0.0
0.0
0.0
0.0
0.0
80102.41213100961
0.0
0.0
0.0
0.0
0.0
0.0
80102.41213100961
0.0
0.0
0.0
0.0
0.0
0.0
80102.41213100961
0.0
0.0
0.0
0.0
0.0
0.0
80102.41213100961
250039.3039300365
0.0
0.0
0.0
0.0
0.0
0.0
250039.3039300365
0.0
0.0
0.0
0.0
0.0
0.0
250039.3039300365
0.0
0.0
0.0
0.0
0.0
0.0
250039.3039300365
0.0
0.0
0.0
0.0
0.0
0.0
250039.3039300365
0.0
0.0
0.0
0.0
0.0
0.0
250039.3039300365
459699.53274707333
0.0
0.0
0.0
0.0
0.0
0.0
459699.53274707333
0.0
0.0
0.0
0.0
0.0
0.0
459699.53274707333
0.0
0.0
0.0
0.0
0.0
0.0
459699.53274707333
0.0
0.0
0.0
0.0
0.0
0.0
459699.53274707333
0.0
0.0
0.0
0.0
0.0
0.0
459699.53274707333
182796.37366306153
0.0
0.0
0.0
0.0
0.0
0.0
182796.37366306153
0.0
0.0
0.0
0.0
0.0
0.0
182796.37366306153
0.0
0.0
0.0
0.0
0.0
0.0
182796.37366306153
0.0
0.0
0.0
0.0
0.0
0.0
182796.37366306153
0.0
0.0
0.0
0.0
0.0
0.0
182796.37366306153
117496.34475892519
0.0
0.0
0.0
0.0
0.0
0.0
117496.34475892519
0.0
0.0
0.0
0.0
0.0
0.0
117496.34475892519
0.0
0.0
0.0
0.0
0.0
0.0
117496.34475892519
0.0
0.0
0.0
0.0
0.0
0.0
117496.34475892519
0.0
0.0
0.0
0.0
0.0
0.0
117496.34475892519
79513.7658415449
0.0
0.0
0.0
0.0
0.0
0.0
79513.7658415449
0.0
0.0
0.0
0.0
0.0
0.0
79513.7658415449
0.0
0.0
0.0
0.0
0.0
0.0
79513.7658415449
0.0
0.0
0.0
0.0
0.0
0.0
79513.7658415449
0.0
0.0
0.0
0.0
0.0
0.0
79513.7658415449
85148.0115955626
0.0
0.0
0.0
0.0
0.0
0.0
85148.0115955626
0.0
0.0
0.0
0.0
0.0
0.0
85148.0115955626
0.0
0.0
0.0
0.0
0.0
0.0
85148.0115955626
0.0
0.0
0.0
0.0
0.0
0.0
85148.0115955626
0.0
0.0
0.0
0.0
0.0
0.0
85148.0115955626
87556.94220329306
0.0
0.0
0.0
0.0
0.0
0.0
87556.94220329306
0.0
0.0
0.0
0.0
0.0
0.0
87556.94220329306
0.0
0.0
0.0
0.0
0.0
0.0
87556.94220329306
0.0
0.0
0.0
0.0
0.0
0.0
87556.94220329306
0.0
0.0
0.0
0.0
0.0
0.0
87556.94220329306
