3
5
9
13
14
15
16
17
18
22
23
25
27
28
29
31
33
34
37
38
40
43
45
46
48
49
50
52
54
58
60
61
62
63
64
66
77
78
81
82
84
87
88
90
94
98
99
101
102
103
104
105
106
107
108
111
112
113
114
115
117
119
128
129
141
145
146
150
151
152
175
177
178
179
180
183
186
187
188
189
190
191
192
193
194
195
196
199
203
207
210
211
212
213
214
215
221
224
226
227
232
233
234
235
236
239
241
242
243
244
246
248
249
252
255
256
257
258
259
260
261
267
269
272
273
274
275
276
280
281
282
283
285
288
291
296
298
300
301
302
304
306
307
310
311
312
313
314
318
319
320
322
323
324
325
326
328
331
333
334
336
337
338
339
340
343
344
346
347
348
349
350
353
354
355
356
359
360
361
362
363
366
367
368
369
372
378
379
382
383
384
388
400
401
402
403
406
408
409
410
411
412
413
421
445
446
451
467
468
491
493
503
504
505
506
507
508
510
511
514
527
547
567
681
692
694
697
698
699
702
704
705
706
707
708
709
710
713
714
715
716
720
741
743
744
793
795
977
1006
1009
1010
1038
1042
1058
1063
1089
1091
1146
1147
1193
1234
1251
1256
1300
1347
1364
1385
1391
1452
1455
1488
1591
1596
1682
1709
1719
1720
1723
1724
1730
1744
1750
1755
1839
1855
1863
1864
1866
1869
1871
1880
1930
1945
1958
2030
2076
2077
2079
2080
2081
2086
2103
2105
2121
2168
2179
2188
0
2
4
6
7
10
11
13
16
20
22
23
24
25
26
28
29
30
31
34
35
37
38
39
42
43
52
57
58
60
70
74
76
78
89
90
91
92
93
95
96
97
100
105
116
123
126
130
132
133
135
141
143
144
145
148
149
152
158
164
165
166
167
168
170
171
172
173
174
176
179
191
194
197
216
218
221
222
223
229
232
234
240
241
242
246
248
251
252
254
255
256
258
259
260
261
262
263
264
265
267
269
270
271
273
276
277
278
279
280
281
283
288
290
291
293
295
296
300
302
303
304
305
307
308
310
311
312
313
314
315
316
317
318
319
320
321
322
323
324
328
329
334
335
337
339
340
341
342
343
344
345
346
347
349
350
351
352
353
355
356
359
361
362
363
364
366
368
369
370
371
372
373
375
376
377
378
379
380
381
382
383
384
385
386
389
390
392
393
396
398
400
403
406
409
416
417
419
427
428
432
433
434
435
436
437
438
439
440
441
442
444
445
446
449
451
452
453
454
455
456
457
458
459
460
461
462
463
465
466
467
468
469
470
471
472
473
474
475
476
477
478
479
480
481
482
498
499
500
502
503
504
505
506
510
511
512
515
516
518
520
521
522
523
524
525
526
527
528
529
530
531
532
533
534
535
536
537
538
539
540
541
542
547
549
550
551
555
567
574
579
584
585
626
627
628
632
652
665
695
725
727
733
735
750
767
773
785
940
952
960
961
963
1008
1027
1031
1038
1086
1091
1144
1262
1329
1348
1455
1461
1468
1478
1486
1522
1584
1596
1597
1610
1647
1654
1681
1695
1704
1705
1710
1711
1714
1719
1722
1723
1727
1744
1756
1757
1763
1768
1800
1803
1821
1826
1855
1866
1870
1871
1872
1875
1939
1956
1960
2025
2074
2076
2079
2080
2086
2087
2089
2090
2091
2097
2098
2101
2102
2104
2108
2109
2114
2123
2124
2126
2139
2157
2168
2170
2171
2172
2190
0
2
3
4
6
7
11
12
13
14
16
17
18
20
23
24
26
28
29
30
31
32
33
34
36
37
38
39
41
42
43
49
52
53
67
68
70
74
86
91
94
100
122
126
130
135
136
146
162
163
165
166
167
171
183
196
215
218
219
220
222
223
251
254
255
262
264
265
267
270
272
273
276
279
280
281
283
288
296
302
303
304
305
307
311
313
314
315
318
320
321
322
325
328
329
330
334
340
342
343
344
345
346
347
348
349
350
351
352
359
360
362
363
364
365
366
367
368
369
370
372
373
374
375
376
377
381
383
387
388
390
391
392
393
394
396
397
398
420
432
436
437
438
439
441
442
443
444
445
446
450
451
452
453
454
455
456
460
461
462
464
465
466
467
469
470
472
473
474
475
476
477
478
479
480
481
482
483
487
496
497
501
502
504
505
509
516
519
520
522
523
524
525
528
532
534
536
537
538
539
540
541
543
544
545
549
550
551
552
553
554
555
556
557
558
559
560
561
562
563
567
615
616
617
618
619
620
621
622
623
624
625
626
627
628
629
661
735
739
745
940
951
989
1091
1141
1249
1254
1315
1452
1455
1461
1533
1596
1597
1607
1654
1704
1714
1735
1744
1756
1769
1773
1795
1806
1807
1826
1864
1866
1933
1937
1956
2074
2076
2079
2088
2090
2091
2092
2093
2094
2096
2101
2108
2131
2138
2168
2169
2170
2175
3
4
7
10
14
17
18
20
22
23
26
27
28
30
31
32
33
34
35
37
38
39
41
42
43
52
67
68
91
94
127
130
135
136
147
148
149
160
164
165
166
172
174
193
197
201
206
218
223
240
241
245
247
250
252
254
255
261
262
268
269
270
271
276
277
278
279
283
286
290
302
304
305
310
313
314
319
320
321
323
326
328
330
340
342
344
345
346
347
348
349
350
351
359
361
364
366
368
369
370
373
375
383
385
386
387
388
390
391
393
394
396
398
426
433
434
435
436
441
442
443
444
445
446
447
450
451
452
453
454
457
461
462
464
465
466
467
471
472
474
475
476
480
481
482
483
484
485
486
487
488
489
490
496
506
507
509
515
519
521
522
523
524
531
534
535
539
543
544
545
549
550
551
552
553
554
555
558
559
560
561
562
563
564
580
581
582
615
616
617
618
619
621
622
623
624
625
629
631
632
664
688
726
740
745
763
778
785
789
917
918
931
952
961
977
1110
1152
1239
1455
1533
1597
1667
1695
1704
1717
1744
1759
1761
1763
1768
1770
1799
1806
1826
1865
1866
2075
2076
2079
2080
2081
2084
2088
2089
2090
2091
2092
2094
2095
2096
2097
2098
2100
2101
2108
2109
2110
2112
2114
2168
2169
2175
3
7
8
9
10
13
17
20
21
22
26
29
31
34
37
38
40
41
42
44
47
48
51
52
55
56
57
61
63
64
65
77
78
79
81
82
83
85
86
87
89
90
91
94
97
98
101
102
103
104
105
106
108
116
119
129
130
132
134
135
139
141
146
147
150
151
152
169
171
172
175
177
178
180
183
186
187
190
192
193
196
199
207
208
209
211
213
214
216
219
220
221
223
224
230
231
232
234
235
236
239
241
243
244
245
247
248
249
258
259
260
261
262
263
264
268
269
270
274
275
276
281
282
283
284
287
288
292
295
296
297
298
300
302
310
311
312
313
314
315
316
317
318
319
320
321
324
325
326
328
330
331
332
333
334
337
340
341
344
347
348
349
350
355
356
361
362
363
367
368
369
371
378
379
381
383
384
387
390
391
393
394
399
400
401
402
404
405
409
410
412
422
423
424
428
429
430
433
440
445
446
451
466
468
491
492
493
494
500
522
523
524
528
532
546
552
567
579
589
674
681
682
683
686
687
690
691
692
693
694
695
696
697
698
699
700
701
702
703
704
709
710
711
712
713
714
715
716
717
718
719
744
758
778
791
792
793
794
795
796
952
1060
1063
1073
1147
1239
1300
1410
1413
1455
1478
1485
1558
1573
1577
1584
1586
1596
1648
1661
1672
1709
1755
1824
1844
1855
1866
1871
1925
1934
1958
1961
2075
2076
2077
2078
2081
2093
2096
2104
2105
2107
2168
2188
8
9
10
13
15
17
22
26
34
37
38
40
44
46
47
48
50
52
57
58
60
61
62
63
65
66
78
79
81
82
83
84
85
87
90
97
99
101
103
104
109
111
112
113
116
119
127
128
129
130
132
133
141
149
150
151
152
174
177
178
179
183
190
192
193
196
198
199
204
207
209
212
213
214
215
219
220
221
226
228
230
231
234
235
239
241
242
244
245
246
248
249
258
259
260
261
263
269
274
275
276
281
283
288
296
299
300
302
306
310
311
312
313
317
318
319
320
321
324
325
326
328
332
333
334
336
337
340
341
344
347
348
349
350
354
356
358
361
362
363
367
368
369
378
379
384
387
390
393
394
399
400
403
405
409
410
412
413
421
423
424
445
446
491
492
493
494
503
504
512
517
533
546
567
681
684
686
690
691
693
695
696
697
698
699
700
701
702
703
704
705
706
707
708
709
710
711
712
715
716
717
719
720
721
741
742
743
744
791
792
793
794
796
953
989
1060
1173
1234
1300
1329
1364
1391
1455
1485
1486
1573
1584
1586
1596
1600
1672
1705
1708
1709
1726
1755
1836
1849
1854
1855
1863
1866
1871
1889
1904
1925
1926
1957
2076
2078
2079
2080
2087
2104
2105
2179
0
2
6
7
10
15
18
20
22
29
37
38
39
42
43
51
53
54
55
56
57
67
68
69
70
71
72
73
74
82
88
89
91
92
94
95
100
105
122
127
130
133
134
135
137
152
153
154
155
156
157
158
159
160
161
164
165
166
171
172
174
176
179
183
191
193
196
197
198
203
204
207
210
212
215
218
223
235
236
238
240
241
242
244
245
248
249
255
258
260
261
262
263
267
268
270
274
276
277
278
279
281
283
284
297
298
300
301
302
304
305
310
311
312
313
314
315
316
317
318
319
320
321
324
327
328
330
334
336
337
339
340
344
346
347
348
349
350
351
355
356
361
362
363
364
366
368
369
370
371
373
375
378
379
380
382
383
384
385
389
390
391
392
393
394
396
400
408
409
414
415
416
417
418
419
420
433
437
438
439
441
442
444
446
447
448
449
451
452
453
454
458
459
461
462
464
465
466
467
472
474
475
476
478
479
480
481
482
483
484
485
486
489
490
496
497
498
501
502
504
506
509
510
513
514
519
524
531
539
541
542
543
555
558
559
560
565
571
572
578
579
580
581
582
583
584
585
586
620
621
626
627
628
629
652
657
658
659
660
661
662
663
664
665
667
669
670
671
673
679
688
695
718
722
723
724
725
726
727
728
729
730
731
732
733
734
735
736
737
738
739
740
741
745
746
747
748
749
758
773
917
919
932
933
950
952
953
1038
1061
1063
1084
1086
1090
1091
1110
1141
1142
1144
1173
1230
1237
1293
1318
1412
1455
1468
1478
1596
1597
1598
1599
1612
1670
1714
1726
1744
1800
1803
1805
1826
1865
1866
1873
1936
1956
2076
2081
2082
2089
2091
2092
2093
2094
2096
2097
2098
2101
2102
2107
2109
2112
2118
2121
2127
2146
2168
2169
2172
2
10
13
17
18
20
22
25
27
29
37
52
53
67
68
71
73
74
82
85
86
91
94
98
102
104
125
133
134
137
153
154
155
156
157
158
161
164
165
166
167
171
172
174
179
183
184
192
193
194
200
201
202
206
213
215
221
235
240
242
247
255
259
262
263
268
269
274
276
278
281
282
283
284
288
294
295
302
310
311
312
315
316
317
319
320
324
327
328
330
333
336
340
344
348
349
350
351
364
368
369
370
371
373
379
380
381
383
385
392
393
394
400
404
410
414
415
416
427
430
433
437
438
440
442
445
446
447
450
451
456
461
462
472
473
474
475
476
478
480
481
482
484
485
486
488
490
497
499
500
502
510
539
544
555
556
557
559
560
565
566
567
569
570
571
572
573
574
575
576
577
578
580
581
582
583
584
616
617
618
620
621
626
627
628
629
634
653
658
659
660
662
663
664
665
666
667
668
669
670
671
673
674
675
676
677
678
679
680
683
692
695
722
723
724
725
726
727
728
729
730
731
732
733
734
737
745
746
748
749
763
779
783
795
826
895
896
915
916
917
918
919
920
921
922
923
924
925
926
927
928
929
930
931
932
933
945
950
952
1063
1090
1091
1110
1123
1141
1173
1222
1236
1239
1318
1427
1439
1468
1561
1597
1606
1643
1644
1651
1654
1655
1659
1662
1669
1766
1805
2073
2075
2076
2082
2084
2089
2091
2092
2097
2098
2101
2102
2108
2109
2110
2111
2120
2127
2129
2133
2147
2168
2169
2171
10
13
15
17
20
22
25
27
37
41
51
57
67
68
73
83
89
91
94
98
104
130
133
140
142
149
153
155
156
157
161
164
165
166
167
174
183
185
194
199
207
212
213
215
222
225
230
231
232
235
242
245
247
248
255
258
259
260
262
269
276
277
281
283
284
288
295
302
310
311
312
315
316
317
319
324
327
328
334
336
340
344
348
349
350
351
364
368
369
370
371
373
379
380
381
383
385
386
393
395
400
401
403
409
410
414
415
416
419
423
426
429
433
439
441
442
446
461
475
476
478
479
480
481
482
484
485
486
488
497
498
500
502
519
539
541
558
559
560
566
567
568
570
571
572
573
575
576
577
578
580
581
582
584
589
590
598
628
629
630
631
632
633
634
635
636
637
638
639
657
660
662
663
665
666
667
668
669
670
671
672
673
675
676
677
678
681
684
688
691
692
722
725
727
728
729
731
732
733
736
737
745
746
748
755
758
760
761
763
767
768
769
770
772
773
774
775
776
777
778
779
780
781
782
783
784
785
786
787
788
789
790
794
795
826
831
834
885
887
888
893
897
915
916
917
919
920
921
922
923
924
926
927
928
929
931
932
933
934
936
937
938
939
940
941
945
950
951
952
995
1063
1091
1109
1110
1118
1119
1122
1132
1139
1141
1144
1173
1177
1181
1191
1212
1232
1236
1244
1321
1324
1364
1427
1434
1438
1448
1535
1597
1640
1649
1654
1661
1662
1665
1800
2076
2082
2084
2089
2091
2092
2096
2097
2098
2100
2101
2102
2109
2114
2120
2121
2128
2130
2131
2132
1
10
19
20
22
32
33
49
52
73
80
91
94
124
125
134
135
140
155
157
158
164
165
166
167
179
183
184
201
211
212
213
222
231
235
242
245
247
248
262
276
277
302
310
315
319
320
328
336
340
350
351
362
368
369
370
371
378
380
385
393
407
409
410
415
416
419
433
439
443
478
484
485
488
495
497
498
500
502
512
519
539
558
560
568
569
571
572
576
577
578
580
581
582
584
586
590
617
626
627
630
632
633
634
635
636
639
640
641
642
643
644
645
646
647
648
649
650
651
652
653
654
655
656
662
665
666
669
670
671
672
673
677
678
680
696
721
725
728
731
734
746
748
749
750
751
752
753
754
760
761
764
770
772
773
775
777
779
780
781
784
785
788
789
790
794
803
808
809
820
821
822
823
829
837
848
870
871
872
873
874
875
876
877
878
879
880
881
883
884
885
886
887
888
889
890
891
892
893
894
895
896
897
898
899
900
901
902
903
904
915
916
917
922
923
924
925
927
930
931
934
936
939
948
951
952
953
956
978
981
982
983
984
985
986
987
993
994
995
997
998
1056
1105
1114
1115
1132
1133
1137
1138
1141
1186
1211
1222
1223
1229
1230
1235
1236
1247
1263
1301
1313
1321
1359
1368
1371
1432
1433
1438
1651
1662
1665
1693
2075
2076
2084
2085
2091
2097
2102
2108
2113
2114
2119
2129
2130
2150
13
19
73
80
102
119
125
131
135
140
151
157
158
164
165
166
167
192
201
206
211
216
222
223
232
247
266
275
283
288
295
297
315
316
336
350
351
357
362
369
370
371
378
379
380
393
404
415
416
419
420
423
426
433
439
484
485
486
488
495
497
498
502
503
512
539
559
560
566
571
573
576
577
578
580
581
582
597
598
600
614
631
632
633
634
635
637
640
641
643
644
645
646
647
648
649
650
651
652
654
655
656
662
664
665
666
669
670
671
672
681
719
725
727
734
736
746
748
749
750
751
756
757
759
760
761
762
763
766
768
769
771
772
774
777
779
780
783
785
787
788
794
797
798
799
800
801
802
803
804
806
807
808
809
810
811
812
813
814
815
816
817
818
819
820
821
822
823
824
825
826
827
828
829
830
832
833
834
835
836
837
838
839
840
841
842
843
844
845
846
847
848
849
850
851
852
853
854
855
856
857
858
859
860
861
862
863
864
865
866
867
868
869
870
871
872
873
874
875
876
877
878
879
880
881
882
884
885
886
888
889
890
891
893
894
895
898
899
900
901
902
903
904
907
908
911
913
914
916
919
930
931
934
936
939
946
947
948
949
952
978
979
980
981
982
983
984
985
990
992
998
999
1000
1092
1093
1095
1097
1102
1107
1110
1112
1113
1115
1122
1130
1136
1170
1172
1177
1183
1184
1188
1189
1190
1210
1215
1221
1226
1227
1236
1241
1263
1300
1302
1306
1312
1321
1323
1328
1329
1363
1450
1559
1641
1692
2073
2091
2096
2099
2102
2106
2108
2111
2112
2114
2115
2116
2117
2118
2119
2129
2135
2151
2152
19
73
80
105
114
116
124
125
128
130
131
135
164
165
166
169
184
186
189
206
217
222
226
228
229
231
245
247
248
275
283
288
315
324
350
351
357
369
370
371
380
393
403
414
415
416
419
420
423
439
471
486
488
492
497
498
500
502
503
539
558
559
560
568
571
573
576
578
580
581
582
584
590
591
592
593
594
595
596
597
598
599
600
614
631
632
634
635
636
650
655
656
662
663
665
666
669
670
671
672
673
677
681
684
685
719
725
746
748
749
752
756
760
761
762
764
766
771
772
775
776
777
779
780
781
783
785
786
788
797
798
799
800
801
802
803
806
807
808
809
810
811
812
813
814
815
816
817
818
819
820
821
822
823
824
825
826
827
828
830
831
832
833
834
836
837
838
839
840
841
842
843
844
845
846
848
849
850
851
853
854
855
856
857
858
859
860
861
863
867
868
869
870
871
872
873
876
878
879
881
882
885
886
890
891
892
894
896
898
901
903
904
905
906
907
908
909
910
911
912
913
914
922
923
926
930
931
934
935
936
938
949
952
956
980
982
983
984
990
991
992
999
1000
1092
1094
1096
1100
1102
1105
1106
1108
1111
1128
1132
1172
1173
1175
1181
1182
1183
1185
1187
1188
1192
1208
1209
1210
1211
1216
1220
1225
1227
1228
1308
1323
1332
1333
1372
1450
1640
1692
2075
2077
2089
2091
2097
2102
2106
2113
2116
2118
2119
2127
2134
2135
2149
2151
2152
1
10
33
49
73
80
125
133
135
136
140
153
164
165
166
167
185
201
206
211
216
217
222
223
225
235
244
245
247
248
276
282
283
288
292
295
297
316
319
320
324
332
340
341
348
350
351
362
369
370
371
378
380
385
387
393
395
404
407
408
409
415
416
419
420
423
426
439
479
483
484
485
486
488
495
497
498
500
502
539
558
559
560
571
572
576
577
578
580
581
582
584
590
591
592
593
594
595
596
597
598
599
600
626
627
631
632
633
634
635
636
641
657
662
663
665
666
669
670
671
672
673
677
680
688
721
725
727
734
746
748
749
752
760
761
764
766
770
771
772
774
775
776
777
779
780
781
783
785
786
788
789
794
802
805
811
816
817
818
819
820
821
822
823
827
829
830
831
832
835
836
837
838
840
841
842
843
844
847
848
849
850
851
852
853
855
856
860
861
862
863
864
865
866
868
869
870
873
875
876
878
879
881
882
883
885
886
887
889
890
893
895
897
901
903
904
905
907
908
909
914
922
925
930
931
937
952
953
954
978
980
982
983
984
988
990
991
992
993
994
995
996
997
998
1000
1093
1097
1106
1113
1129
1130
1132
1135
1139
1141
1173
1177
1179
1181
1182
1184
1185
1188
1214
1245
1246
1248
1265
1304
1306
1312
1321
1323
1330
1331
1359
1364
1430
1431
1434
1560
1633
1639
1670
2075
2085
2089
2091
2097
2099
2102
2106
2108
2111
2114
2116
2119
2127
2129
2150
4
5
6
11
14
15
16
20
22
28
29
31
35
41
49
52
57
60
64
75
81
82
92
96
101
104
117
118
121
126
135
138
141
168
173
174
177
182
190
191
196
203
204
210
227
236
241
244
246
251
252
253
259
260
261
262
265
267
270
271
272
273
280
281
285
288
289
290
291
296
298
300
302
303
304
305
306
307
308
309
310
312
313
314
318
321
322
323
328
330
337
338
339
342
344
346
347
348
349
352
354
356
359
361
363
365
366
367
368
372
375
377
382
383
384
386
389
391
400
401
418
431
446
467
503
504
505
506
508
509
510
511
514
516
519
551
574
579
587
603
604
605
606
607
608
609
610
611
612
613
650
688
723
735
747
765
915
943
944
957
958
959
960
962
964
965
966
967
968
969
970
972
973
974
975
976
977
989
1001
1002
1005
1007
1009
1010
1011
1012
1014
1016
1017
1018
1019
1020
1021
1022
1023
1024
1025
1026
1027
1030
1031
1037
1038
1039
1059
1067
1068
1069
1070
1071
1072
1073
1074
1075
1076
1077
1078
1079
1080
1081
1082
1083
1085
1091
1148
1149
1152
1154
1155
1156
1157
1158
1160
1161
1162
1163
1164
1165
1167
1168
1194
1195
1196
1197
1198
1199
1200
1201
1202
1203
1204
1205
1250
1251
1252
1255
1256
1257
1271
1272
1276
1280
1283
1287
1291
1293
1297
1299
1338
1339
1341
1342
1343
1344
1346
1347
1348
1350
1353
1385
1456
1458
1462
1464
1469
1471
1472
1473
1476
1479
1483
1485
1493
1497
1499
1501
1503
1504
1505
1506
1511
1512
1513
1515
1524
1526
1527
1570
1591
1754
1756
1783
1847
1855
1866
1890
1958
1960
2034
2076
2107
2122
2123
2124
2126
2136
2139
2142
2158
2165
2168
6
11
20
22
29
32
49
51
52
53
56
82
85
91
92
93
95
96
101
115
136
141
143
162
168
170
173
174
179
182
191
196
210
214
218
227
235
236
251
252
253
255
257
258
259
262
265
271
280
281
285
286
290
291
298
301
302
304
308
309
313
322
323
328
329
330
333
339
341
342
343
344
346
347
348
349
352
355
359
361
363
365
368
372
377
383
384
389
390
391
397
399
410
417
418
446
451
467
505
507
508
509
510
511
514
520
521
603
604
606
608
612
613
688
711
723
724
735
753
943
944
958
960
961
962
963
964
966
967
968
969
970
972
973
974
975
976
1001
1002
1005
1006
1007
1009
1011
1012
1014
1015
1017
1018
1020
1021
1023
1025
1026
1027
1028
1029
1032
1033
1034
1035
1036
1038
1039
1040
1041
1042
1043
1045
1046
1047
1048
1049
1050
1051
1067
1068
1069
1070
1072
1074
1075
1076
1077
1078
1079
1080
1081
1082
1083
1091
1148
1149
1150
1152
1153
1154
1155
1156
1157
1159
1162
1163
1164
1165
1166
1167
1168
1169
1194
1195
1196
1198
1200
1201
1202
1203
1204
1205
1253
1258
1272
1273
1276
1279
1281
1284
1287
1292
1295
1337
1345
1347
1452
1453
1454
1456
1457
1459
1462
1463
1466
1467
1479
1480
1481
1483
1486
1487
1489
1491
1495
1507
1509
1510
1517
1534
1570
1600
1700
1754
1756
1865
1866
1891
1899
1956
1962
2020
2076
2080
2086
2107
2121
2123
2124
2125
2126
2140
2142
2143
2168
1
2
10
18
20
22
29
33
37
38
48
49
51
52
53
59
67
68
71
73
74
81
85
86
94
96
97
98
104
110
112
115
125
130
136
147
152
164
165
166
172
174
177
183
188
192
193
196
198
201
206
207
214
236
240
245
246
255
258
262
263
270
275
276
278
281
283
300
301
302
310
311
312
313
317
319
320
324
325
327
328
330
333
334
337
340
341
344
348
349
350
351
354
355
360
361
362
363
364
367
368
369
370
371
373
378
381
383
384
385
392
393
394
409
414
415
416
439
446
450
451
453
486
497
498
500
502
504
510
515
517
539
541
572
576
580
581
582
584
590
670
671
673
676
679
687
692
718
724
734
735
745
746
748
751
754
758
765
770
795
814
826
831
859
906
915
922
928
939
944
951
952
953
971
988
989
1010
1013
1032
1038
1044
1052
1054
1055
1058
1064
1065
1066
1089
1091
1110
1140
1141
1142
1143
1144
1145
1146
1147
1160
1163
1231
1314
1315
1316
1317
1320
1321
1455
1456
1457
1460
1480
1537
1540
1541
1542
1543
1544
1547
1548
1557
1561
1642
1643
1646
1649
1654
1659
1687
2075
2076
2083
2102
2107
2108
2120
2121
2122
2125
2144
2145
1
10
15
20
22
51
52
73
89
91
98
99
110
118
133
167
183
188
192
201
210
212
213
235
246
248
255
275
276
283
302
310
311
315
320
324
325
328
340
341
348
350
351
364
368
369
370
371
378
379
380
385
393
409
410
415
416
419
426
439
446
483
485
488
497
498
502
504
519
533
539
543
559
566
572
573
576
580
581
582
585
589
590
591
636
646
654
655
656
665
669
670
671
673
675
688
691
718
741
748
749
751
752
755
770
774
775
778
779
780
781
782
785
803
814
823
826
827
830
832
872
873
876
878
879
880
881
890
893
895
901
902
903
906
915
917
918
931
934
936
939
951
952
956
981
985
988
996
1013
1053
1055
1057
1062
1064
1066
1087
1110
1137
1139
1140
1141
1142
1145
1146
1151
1181
1231
1232
1234
1235
1236
1237
1238
1239
1264
1313
1317
1318
1320
1322
1323
1324
1327
1329
1359
1372
1420
1437
1451
1535
1536
1629
1634
1637
1639
1649
1658
1659
1661
1663
1665
1666
1668
1687
1693
2076
2089
2096
2102
2106
2108
2111
2112
2121
2127
2135
2147
7
13
73
80
94
114
120
124
125
128
131
133
135
149
157
164
165
166
167
184
189
194
201
206
216
222
228
231
232
245
247
248
269
276
283
287
288
315
332
336
341
350
351
368
369
370
371
380
393
395
403
405
415
416
419
420
422
426
439
484
485
486
488
492
494
498
502
539
558
559
560
566
569
570
571
573
576
577
580
581
582
584
588
590
591
592
594
596
598
600
617
631
633
634
640
646
647
650
652
653
655
656
666
667
669
670
671
672
673
675
681
685
719
721
725
728
731
732
733
746
748
749
754
757
761
762
763
768
770
771
772
773
774
775
777
779
780
781
783
785
788
802
803
804
805
808
809
810
813
815
816
819
820
821
822
823
825
830
832
834
836
837
841
844
848
851
852
853
855
856
864
866
868
869
870
872
873
876
877
878
880
881
885
886
888
890
893
895
900
901
902
903
904
906
907
909
916
917
923
930
931
934
936
941
946
949
951
952
979
982
983
984
985
986
988
990
998
1000
1056
1065
1097
1103
1104
1107
1115
1117
1118
1119
1120
1121
1122
1123
1124
1125
1126
1127
1128
1129
1130
1131
1132
1133
1134
1135
1136
1137
1138
1139
1141
1144
1173
1174
1177
1181
1185
1189
1190
1191
1206
1207
1208
1209
1210
1211
1212
1213
1214
1215
1216
1217
1218
1219
1220
1221
1222
1223
1224
1226
1227
1228
1229
1230
1232
1233
1236
1238
1306
1321
1323
1325
1326
1327
1424
1427
1429
1433
2073
2084
2085
2089
2090
2091
2097
2098
2102
2106
2110
2112
2114
2115
2116
2119
2127
2128
2129
13
68
73
102
128
135
136
157
158
164
165
166
167
181
216
220
223
229
232
245
247
276
283
294
336
350
351
369
370
380
387
393
415
416
419
420
422
439
474
476
479
484
485
494
495
500
502
539
558
560
566
567
571
577
578
580
581
582
584
586
591
592
600
626
627
630
631
632
633
634
636
638
641
645
646
647
649
650
651
652
653
654
655
656
662
664
665
666
667
668
669
670
671
672
673
675
681
684
699
719
725
728
731
732
737
746
748
752
754
756
759
760
761
766
768
769
771
772
773
774
775
777
779
780
781
783
785
787
788
789
790
802
803
804
806
807
808
809
810
812
813
815
816
817
818
819
820
821
822
823
829
831
835
836
837
838
840
841
842
845
847
848
849
850
852
853
854
855
856
857
859
861
862
863
864
865
868
870
871
872
873
876
878
879
880
881
882
886
892
893
894
896
897
898
903
904
907
909
919
923
927
930
931
934
935
938
949
951
952
954
956
983
984
986
998
999
1000
1056
1057
1065
1092
1095
1096
1097
1098
1099
1100
1101
1102
1103
1104
1105
1106
1107
1108
1109
1110
1111
1112
1113
1114
1116
1117
1119
1120
1121
1124
1125
1126
1130
1132
1134
1139
1141
1144
1177
1181
1183
1209
1211
1212
1214
1218
1219
1220
1221
1222
1224
1225
1227
1230
1236
1237
1240
1243
1263
1302
1303
1304
1305
1306
1307
1308
1309
1310
1311
1312
1313
1321
1322
1326
1335
1367
1430
1433
1450
1639
1657
1662
2073
2075
2084
2085
2089
2091
2092
2102
2106
2108
2111
2113
2114
2118
2129
2130
2131
2132
2135
13
19
44
73
80
116
151
164
165
166
167
184
189
201
206
216
219
228
247
248
266
282
288
292
294
315
331
350
351
369
370
371
378
379
380
387
393
395
404
415
416
419
420
423
426
439
485
486
488
492
497
498
500
502
539
559
560
566
568
571
576
580
581
582
584
595
599
600
614
630
631
632
634
641
650
652
653
655
656
665
666
667
669
670
671
673
681
683
684
685
719
725
748
749
755
756
757
759
760
762
766
768
769
771
772
774
775
777
779
780
783
785
788
794
798
799
800
801
802
803
804
805
810
812
813
814
815
816
817
818
819
820
821
822
823
824
827
828
829
830
831
832
836
837
839
841
842
846
848
850
851
852
853
855
856
858
859
860
861
864
866
867
870
872
873
874
876
879
881
885
886
892
893
894
895
901
902
903
905
907
911
912
919
922
924
926
931
940
946
949
952
955
978
979
982
983
984
985
987
990
999
1056
1092
1093
1094
1096
1097
1098
1099
1100
1101
1102
1103
1104
1105
1106
1107
1108
1111
1112
1113
1114
1116
1117
1119
1121
1127
1129
1131
1133
1137
1138
1139
1141
1144
1170
1171
1172
1174
1176
1177
1178
1180
1181
1182
1183
1184
1185
1186
1187
1188
1189
1190
1191
1192
1206
1207
1208
1209
1210
1212
1213
1214
1217
1218
1220
1221
1222
1242
1244
1247
1248
1301
1303
1305
1306
1307
1309
1311
1313
1321
1323
1366
1433
1439
1449
1451
1692
2073
2075
2084
2089
2091
2102
2106
2108
2112
2113
2114
2115
2119
2127
2128
2133
2134
2135
2149
2151
2152
73
80
111
125
131
135
164
165
167
169
180
181
183
184
185
188
189
201
206
208
211
225
226
229
231
232
243
247
248
269
276
283
315
319
324
332
336
341
348
350
351
369
370
371
378
380
387
393
405
406
415
416
419
420
422
423
439
483
486
492
493
497
498
499
500
502
503
539
566
567
571
573
576
577
578
580
581
582
591
592
594
600
614
631
632
635
640
641
643
649
652
655
656
665
666
667
668
669
670
671
672
673
675
681
685
696
699
721
725
746
749
752
756
757
760
761
762
768
769
770
771
772
774
775
777
779
780
783
785
786
787
788
789
794
802
804
806
811
814
815
817
818
819
820
821
822
823
824
827
829
830
831
832
833
840
841
844
848
855
856
859
860
861
862
864
868
870
871
872
873
874
876
878
879
881
882
883
886
887
890
891
894
895
896
897
898
901
905
906
907
911
912
913
917
923
926
931
936
937
940
949
951
952
953
954
955
979
983
984
988
994
995
1056
1087
1094
1097
1099
1100
1102
1106
1113
1114
1115
1120
1123
1127
1128
1129
1130
1133
1136
1137
1141
1151
1170
1171
1173
1174
1175
1176
1177
1178
1180
1181
1187
1188
1192
1207
1209
1214
1218
1221
1224
1225
1227
1230
1233
1241
1242
1243
1244
1245
1246
1247
1248
1304
1307
1309
1310
1311
1321
1322
1323
1325
1328
1329
1330
1331
1332
1334
1335
1368
1424
1433
1477
1539
1552
1560
1656
1670
1687
2075
2102
2106
2108
2115
2117
2119
2121
2127
2128
2133
2134
2148
2150
2
17
20
22
52
73
83
91
110
125
128
131
136
138
140
164
165
166
167
179
183
188
194
199
201
206
213
235
248
262
269
276
281
282
295
302
310
311
315
316
317
320
328
332
340
344
348
349
350
351
358
362
364
369
370
371
373
378
379
380
383
384
385
386
392
393
399
402
409
410
415
416
426
439
446
484
502
504
539
541
543
567
572
573
581
582
587
588
590
591
595
599
601
632
665
666
669
671
672
673
674
676
691
696
725
736
748
749
757
763
768
770
779
781
782
785
789
804
826
827
831
844
848
862
869
871
895
897
923
930
940
952
953
955
968
980
983
984
988
990
995
996
998
1053
1098
1107
1110
1122
1123
1141
1149
1176
1178
1179
1188
1232
1234
1235
1237
1246
1263
1264
1265
1302
1312
1315
1318
1326
1333
1334
1431
1440
1477
1636
1638
1652
1660
1663
1666
1667
1691
1693
2075
2076
2102
2108
2111
2116
2118
2130
2132
2134
4
6
11
14
22
28
29
32
35
42
43
48
51
52
57
64
67
81
92
96
104
126
135
136
138
168
173
182
192
196
205
214
227
237
242
244
251
252
253
259
260
261
262
265
272
273
278
280
281
285
289
290
291
296
301
302
303
308
309
310
311
312
313
314
318
321
322
323
327
328
330
333
339
341
342
344
345
346
347
348
349
352
356
359
361
363
365
366
368
372
373
375
377
382
383
384
386
389
391
397
417
432
446
451
452
453
454
455
461
463
467
505
509
514
517
519
520
521
526
547
548
551
574
587
612
613
679
695
704
724
735
793
920
921
959
960
962
963
965
968
976
977
989
1002
1006
1007
1009
1010
1011
1015
1016
1017
1018
1019
1022
1023
1024
1025
1026
1027
1028
1029
1030
1031
1037
1040
1042
1046
1047
1048
1049
1051
1059
1062
1067
1068
1071
1072
1073
1074
1075
1076
1077
1091
1149
1150
1153
1154
1155
1156
1160
1161
1162
1163
1164
1165
1167
1168
1194
1195
1197
1201
1226
1249
1250
1251
1252
1253
1255
1256
1258
1259
1260
1261
1262
1266
1267
1268
1269
1270
1271
1272
1273
1274
1275
1276
1277
1278
1279
1280
1281
1282
1283
1284
1285
1286
1287
1288
1289
1290
1291
1292
1293
1294
1295
1296
1297
1298
1299
1336
1337
1340
1341
1342
1343
1344
1345
1346
1348
1349
1350
1353
1355
1385
1413
1457
1458
1459
1461
1462
1463
1465
1468
1469
1470
1471
1475
1476
1482
1483
1486
1487
1490
1497
1498
1508
1511
1512
1513
1514
1515
1516
1517
1518
1519
1520
1521
1522
1523
1524
1525
1526
1527
1528
1529
1530
1531
1532
1561
1707
1726
1855
1866
1870
1878
1960
2076
2088
2093
2107
2119
2120
2121
2123
2124
2126
2136
2137
2138
2139
2140
2168
0
2
6
11
12
14
16
22
29
39
41
43
45
48
52
57
64
72
75
81
92
93
97
100
101
121
123
126
142
146
168
173
182
191
192
196
200
221
227
236
237
241
244
251
252
253
257
259
261
262
263
265
267
268
270
271
272
278
279
280
281
289
291
299
301
302
303
304
305
308
309
310
312
313
314
321
323
327
328
333
337
338
339
342
344
346
347
348
349
352
355
359
361
363
365
366
372
373
377
382
383
384
388
389
390
391
400
431
450
453
454
465
467
496
503
505
507
509
514
519
521
528
547
548
551
602
609
613
688
723
735
770
959
960
961
963
965
968
976
989
1002
1005
1007
1008
1009
1011
1012
1016
1017
1018
1019
1022
1023
1025
1026
1027
1029
1030
1032
1037
1038
1039
1040
1042
1044
1045
1046
1048
1049
1050
1051
1059
1068
1071
1072
1075
1077
1081
1091
1149
1154
1155
1158
1160
1161
1162
1164
1165
1167
1169
1194
1195
1196
1198
1199
1200
1201
1204
1251
1253
1257
1258
1259
1260
1266
1267
1269
1270
1272
1273
1274
1275
1276
1277
1278
1279
1281
1285
1286
1288
1289
1290
1291
1294
1296
1297
1298
1299
1336
1338
1339
1340
1342
1346
1347
1348
1349
1351
1352
1353
1354
1355
1457
1458
1461
1464
1465
1466
1467
1468
1469
1471
1472
1473
1474
1475
1476
1482
1483
1486
1487
1490
1491
1492
1493
1494
1495
1496
1497
1498
1499
1500
1501
1502
1503
1504
1505
1506
1507
1508
1509
1510
1511
1513
1515
1516
1517
1518
1519
1520
1521
1522
1523
1524
1525
1526
1528
1529
1530
1531
1532
1728
1731
1749
1855
1866
1873
2076
2080
2093
2107
2120
2121
2126
2136
2137
2139
2140
2141
2142
2143
2168
2
3
6
8
11
16
21
29
35
42
43
49
51
53
56
57
64
67
82
88
92
96
101
104
126
138
143
168
173
175
177
179
196
205
210
237
238
240
251
257
259
261
265
272
278
280
285
289
291
301
302
303
304
306
308
309
310
312
313
314
323
327
328
337
339
341
342
344
346
347
348
349
352
355
356
359
361
368
372
373
377
382
384
386
400
421
425
432
445
446
454
465
467
496
504
505
508
511
514
516
519
527
547
548
574
579
607
612
613
675
688
698
735
770
943
944
959
962
964
965
967
968
975
976
1001
1002
1005
1007
1009
1011
1020
1021
1022
1023
1024
1027
1029
1030
1033
1036
1037
1039
1041
1044
1046
1047
1048
1059
1060
1067
1068
1069
1071
1072
1073
1074
1076
1077
1086
1088
1091
1150
1154
1155
1158
1159
1160
1162
1164
1165
1167
1169
1193
1194
1196
1197
1200
1250
1251
1252
1253
1254
1258
1261
1262
1266
1268
1269
1272
1273
1274
1275
1276
1279
1280
1281
1282
1284
1287
1288
1292
1296
1336
1337
1341
1345
1346
1348
1349
1351
1352
1353
1354
1355
1459
1460
1461
1462
1463
1464
1466
1468
1469
1471
1472
1474
1475
1481
1482
1483
1484
1485
1486
1488
1489
1490
1491
1494
1495
1496
1497
1498
1500
1501
1502
1505
1506
1507
1509
1512
1513
1514
1517
1519
1520
1522
1523
1526
1527
1528
1534
1583
1707
1731
1754
1866
1919
2035
2076
2080
2086
2107
2121
2122
2126
2136
2139
2142
2143
2168
1
2
6
7
10
13
17
18
20
22
23
33
38
41
52
54
56
59
67
71
75
76
86
91
92
97
98
101
102
104
110
112
114
115
124
125
130
137
139
160
163
164
165
166
167
179
182
183
188
190
191
192
196
198
201
206
210
212
214
215
217
219
221
244
247
248
255
258
267
269
275
276
278
280
281
283
295
302
310
311
312
315
316
317
319
320
325
327
328
330
333
339
340
344
346
348
349
350
351
353
354
358
361
362
363
368
369
370
371
373
374
378
379
380
381
384
385
389
391
393
394
406
415
416
417
439
445
446
447
450
451
465
468
494
502
505
510
514
515
519
539
541
542
552
564
572
579
586
590
601
653
671
673
675
688
692
696
734
735
748
750
754
756
758
766
782
826
876
944
952
953
971
974
989
1013
1038
1044
1052
1053
1058
1073
1091
1109
1158
1160
1173
1227
1252
1261
1283
1293
1316
1317
1319
1344
1433
1452
1453
1455
1456
1457
1458
1460
1470
1479
1480
1485
1492
1522
1536
1537
1538
1539
1540
1541
1542
1543
1544
1545
1546
1547
1548
1557
1559
1560
1643
1644
1645
1646
1647
1648
1649
1651
1652
1661
2075
2076
2082
2108
2121
2144
2145
2146
1
3
10
13
15
19
20
22
52
68
73
74
77
78
81
83
91
107
110
112
114
124
130
133
134
136
139
140
141
167
183
185
188
192
199
201
206
210
212
213
222
228
235
244
248
255
258
276
281
283
295
302
310
311
315
316
317
319
320
328
340
348
350
351
354
358
364
368
369
370
371
378
380
383
384
385
387
392
393
400
406
409
410
415
416
424
439
446
450
497
502
504
510
517
533
539
541
567
570
571
573
578
581
584
586
589
602
650
666
669
670
671
672
673
674
691
696
737
745
746
748
749
756
760
768
770
774
775
776
794
795
804
826
827
831
875
910
936
937
942
949
952
953
989
990
1013
1052
1053
1055
1058
1073
1110
1111
1141
1144
1172
1173
1206
1216
1218
1219
1220
1232
1235
1246
1259
1302
1312
1314
1322
1324
1374
1433
1440
1455
1463
1480
1482
1536
1539
1545
1546
1547
1559
1560
1617
1619
1620
1621
1622
1623
1624
1625
1626
1632
1633
1634
1635
1636
1637
1638
1639
1640
1641
1642
1646
1649
1650
1651
1652
1653
1654
1655
1656
1657
1658
1659
1660
1661
1663
1664
1665
1666
1667
1668
1687
1690
2075
2076
2082
2084
2102
2106
2121
2131
2135
2137
2145
2147
2154
13
58
73
80
81
110
112
119
136
166
167
185
188
192
194
206
211
216
217
219
225
232
239
244
245
247
248
284
292
295
297
315
316
317
341
350
351
354
358
362
369
370
371
378
380
393
407
415
416
420
439
492
495
497
498
500
502
512
533
539
567
571
572
573
578
581
582
584
590
591
614
640
642
643
653
654
666
668
669
670
671
672
673
681
696
699
713
748
749
756
757
761
766
768
772
774
775
777
779
780
781
794
808
809
810
819
820
821
822
823
826
827
831
832
870
872
873
874
875
876
877
878
879
881
882
910
936
941
942
949
950
951
952
953
954
990
1052
1056
1064
1096
1098
1100
1110
1112
1113
1114
1115
1125
1141
1144
1181
1182
1186
1188
1215
1219
1227
1237
1240
1242
1246
1302
1317
1328
1331
1356
1357
1358
1359
1360
1361
1362
1363
1364
1365
1366
1367
1368
1369
1370
1371
1372
1373
1374
1429
1430
1431
1432
1433
1434
1435
1436
1437
1438
1439
1440
1441
1442
1443
1444
1445
1446
1447
1448
1449
1450
1451
1485
1549
1550
1551
1552
1553
1554
1555
1556
1559
1617
1618
1619
1620
1621
1623
1624
1625
1626
1627
1628
1630
1631
1634
1635
1636
1637
1641
1657
1660
1662
1664
1688
1689
1690
1693
1694
2073
2075
2084
2087
2096
2102
2106
2108
2119
2131
2135
2147
2148
2149
2150
2153
2154
73
80
103
110
111
113
116
120
127
128
140
164
165
166
167
181
186
190
192
206
211
215
216
222
226
229
230
231
232
247
248
274
282
288
294
295
297
315
316
350
351
369
370
371
378
380
387
393
403
405
415
416
419
420
423
424
433
439
492
494
497
498
502
503
539
568
570
573
578
580
581
582
590
614
640
650
652
653
655
656
666
669
670
671
673
681
683
684
737
746
748
749
756
757
759
761
762
766
768
771
772
774
775
777
781
794
797
798
799
800
801
802
804
805
808
809
812
814
815
816
819
820
821
822
823
826
827
870
873
874
875
876
878
879
910
911
912
913
935
938
947
948
950
951
952
1013
1056
1103
1106
1110
1111
1113
1114
1115
1118
1124
1141
1144
1171
1180
1184
1188
1206
1207
1209
1210
1212
1214
1215
1216
1217
1218
1219
1220
1221
1222
1225
1227
1228
1238
1240
1241
1244
1317
1321
1323
1328
1329
1332
1356
1358
1360
1361
1362
1366
1370
1372
1373
1416
1417
1418
1419
1420
1421
1422
1423
1424
1425
1426
1427
1428
1429
1433
1435
1436
1438
1439
1440
1442
1443
1444
1445
1447
1451
1538
1539
1549
1550
1551
1552
1553
1555
1618
1619
1620
1621
1622
1623
1626
1627
1628
1629
1632
1636
1639
1640
1653
1658
1670
1687
1693
1712
1713
2102
2106
2108
2110
2115
2119
2131
2144
2147
2148
2151
2152
2153
10
44
73
110
112
120
122
130
133
140
165
166
167
181
183
185
188
190
194
201
206
211
216
217
225
229
231
235
247
248
274
282
292
294
295
315
316
319
331
340
341
350
351
358
364
369
370
371
378
380
385
387
393
409
415
416
420
423
439
493
494
499
502
539
572
578
580
581
582
584
585
590
641
644
652
653
666
669
670
671
672
675
681
684
696
699
713
718
721
737
746
748
749
754
761
763
766
768
769
770
771
774
775
779
780
781
802
815
820
823
824
825
826
829
831
832
876
877
878
879
881
882
883
909
935
940
942
949
951
952
953
955
988
1034
1052
1053
1056
1065
1100
1107
1113
1114
1115
1116
1118
1124
1141
1142
1151
1170
1173
1186
1215
1218
1224
1226
1232
1234
1237
1245
1298
1304
1321
1322
1330
1356
1357
1358
1359
1360
1361
1362
1365
1367
1368
1369
1372
1374
1416
1417
1418
1419
1421
1422
1423
1425
1426
1428
1429
1430
1431
1432
1433
1439
1441
1443
1445
1446
1451
1454
1459
1480
1539
1549
1550
1553
1554
1556
1560
1619
1620
1622
1623
1624
1626
1627
1628
1629
1630
1631
1634
1637
1641
1655
1656
1657
1658
1662
1670
1687
1688
1689
1690
1691
1692
1693
1694
1712
1713
2075
2102
2106
2108
2118
2131
2147
2148
2150
2153
2
4
6
10
11
13
14
15
16
18
21
26
28
29
30
34
35
36
37
38
41
42
43
48
49
52
53
54
55
56
57
63
76
83
84
88
89
90
92
93
94
95
101
109
111
117
120
121
122
123
126
127
129
130
132
133
144
147
148
168
171
173
179
182
183
190
192
193
196
197
203
204
207
210
214
216
219
221
223
230
232
235
237
238
241
242
244
249
251
252
254
255
256
257
258
259
260
261
263
265
267
268
269
270
271
273
274
275
276
277
279
280
281
282
284
286
288
289
291
292
296
299
300
302
303
304
305
308
310
311
313
314
317
318
319
320
321
322
323
324
325
326
328
330
335
337
339
340
342
343
344
345
346
347
348
349
350
353
354
355
356
359
361
362
363
366
368
369
372
373
375
377
378
379
382
383
384
385
387
388
389
390
391
394
400
403
404
407
409
411
412
418
419
425
429
431
440
442
445
446
447
448
449
451
453
454
467
491
496
504
505
506
511
513
515
516
517
519
521
525
547
551
552
574
613
681
682
684
688
699
704
738
742
756
765
940
953
960
961
963
988
1007
1036
1037
1038
1047
1061
1085
1093
1145
1150
1161
1162
1164
1166
1212
1249
1254
1258
1283
1318
1319
1324
1340
1347
1364
1380
1386
1452
1455
1456
1461
1462
1467
1471
1472
1490
1497
1510
1548
1573
1575
1581
1588
1589
1590
1591
1592
1593
1595
1596
1597
1598
1599
1600
1601
1602
1603
1604
1605
1606
1607
1608
1609
1610
1611
1612
1613
1614
1615
1616
1629
1647
1650
1667
1669
1678
1682
1695
1696
1699
1702
1703
1705
1709
1711
1715
1716
1718
1720
1721
1722
1724
1725
1728
1730
1777
1795
1800
1802
1846
1848
1849
1854
1855
1866
1867
1879
1924
1936
1943
1956
1959
2076
2077
2080
2081
2082
2083
2086
2088
2103
2121
2123
2124
2126
2139
2141
2155
2156
2157
2164
2168
2169
2173
2174
2178
2189
4
6
8
9
10
11
12
13
14
16
20
25
26
28
29
30
33
34
36
37
38
40
41
42
43
46
48
49
52
53
54
55
56
57
59
64
67
69
71
83
89
93
95
97
101
106
122
123
130
134
142
143
144
152
160
161
168
173
174
175
192
193
196
198
199
203
210
213
215
219
221
226
230
231
232
235
237
240
241
251
252
257
258
260
261
262
263
265
267
268
269
270
271
274
275
276
279
280
281
282
284
285
287
288
290
291
294
296
297
300
301
302
304
305
308
311
312
313
317
318
319
320
321
322
323
325
328
330
332
337
338
339
340
341
342
344
345
346
347
348
349
352
353
355
359
361
362
363
364
366
368
369
372
373
375
377
379
381
382
383
384
386
387
389
390
391
394
410
411
412
417
429
432
434
440
441
445
446
448
449
451
452
453
466
468
507
510
511
513
515
518
519
521
529
534
546
567
602
675
676
688
690
695
738
758
770
831
960
963
977
1027
1031
1044
1063
1093
1143
1152
1153
1155
1164
1166
1187
1213
1221
1260
1271
1293
1344
1375
1376
1377
1378
1379
1380
1381
1382
1383
1384
1385
1386
1387
1388
1389
1390
1391
1392
1393
1395
1415
1430
1450
1452
1454
1469
1482
1533
1558
1588
1590
1592
1593
1594
1596
1600
1601
1602
1603
1604
1605
1612
1613
1614
1616
1669
1672
1673
1674
1675
1676
1677
1678
1679
1680
1681
1682
1683
1684
1685
1686
1695
1696
1701
1708
1709
1710
1711
1716
1718
1720
1722
1723
1724
1732
1756
1758
1759
1760
1768
1776
1789
1790
1791
1794
1798
1800
1818
1846
1855
1866
1913
1956
2076
2077
2078
2080
2081
2088
2103
2107
2123
2124
2126
2140
2141
2155
2156
2159
2162
2167
2169
2173
2174
6
8
11
12
13
16
17
18
20
27
28
29
30
33
34
35
36
37
38
41
42
43
48
49
51
52
53
54
55
62
67
68
69
82
83
91
93
94
95
100
101
122
127
141
143
144
147
148
159
160
163
168
172
175
176
183
193
196
197
199
202
203
207
241
250
251
252
261
262
265
267
268
269
270
271
272
276
278
279
284
285
289
290
291
296
302
303
304
305
308
313
317
318
319
320
321
322
326
328
329
330
332
333
340
342
343
344
346
347
348
349
352
356
359
361
365
366
368
373
375
377
390
391
394
400
402
429
445
446
448
451
453
463
466
503
506
509
513
515
519
521
531
546
547
551
552
676
688
689
694
738
765
769
778
940
961
983
984
1032
1039
1040
1044
1045
1047
1088
1090
1093
1142
1143
1155
1166
1182
1254
1260
1271
1272
1314
1347
1375
1376
1377
1378
1379
1380
1381
1382
1383
1384
1385
1386
1387
1388
1389
1390
1392
1393
1394
1395
1412
1413
1414
1415
1455
1461
1468
1470
1475
1533
1537
1594
1595
1601
1602
1603
1604
1605
1606
1608
1609
1611
1612
1614
1615
1644
1645
1647
1667
1671
1674
1675
1676
1677
1679
1680
1681
1682
1683
1684
1685
1686
1695
1718
1720
1721
1723
1724
1725
1726
1727
1728
1729
1730
1731
1732
1733
1734
1756
1759
1760
1762
1764
1765
1766
1768
1770
1771
1773
1774
1776
1777
1779
1780
1781
1782
1786
1792
1794
1796
1798
1799
1800
1801
1804
1822
1846
1866
1881
1907
1908
1913
1919
1949
2076
2078
2080
2081
2095
2103
2107
2155
2156
2157
2162
2167
2168
2169
2173
2174
2188
2
6
11
14
16
17
18
21
22
23
25
26
28
29
30
32
34
35
36
37
38
40
48
50
52
53
57
60
65
69
70
72
82
90
92
100
109
110
116
117
123
126
133
147
148
152
162
163
168
172
173
177
178
182
190
191
192
194
198
203
210
212
213
215
219
220
221
229
232
233
234
236
241
242
251
256
257
258
259
260
261
263
264
265
267
268
269
270
272
276
281
285
288
290
291
296
299
300
302
303
304
305
308
309
311
312
313
315
318
319
320
321
322
323
324
325
326
328
329
330
333
339
340
341
342
344
346
349
352
353
354
355
359
361
362
363
364
365
366
367
369
372
374
375
376
377
378
379
383
384
385
387
389
390
394
400
410
431
446
491
501
503
504
505
514
517
519
530
533
541
567
574
603
604
605
606
607
608
609
610
611
704
735
765
792
831
943
944
957
960
968
974
1007
1011
1035
1038
1043
1045
1052
1054
1058
1060
1063
1069
1077
1085
1166
1208
1209
1233
1234
1242
1253
1255
1256
1267
1283
1292
1300
1337
1338
1339
1340
1347
1357
1364
1394
1396
1397
1398
1399
1400
1401
1402
1403
1404
1405
1406
1407
1408
1409
1410
1411
1414
1452
1457
1471
1472
1480
1481
1485
1489
1491
1533
1562
1563
1564
1565
1566
1567
1568
1569
1570
1571
1572
1573
1574
1576
1577
1578
1579
1581
1584
1585
1586
1587
1589
1590
1591
1596
1597
1605
1607
1629
1639
1673
1697
1698
1703
1704
1709
1710
1720
1729
1734
1735
1736
1737
1738
1739
1740
1741
1742
1743
1744
1745
1746
1747
1748
1753
1755
1832
1841
1842
1845
1847
1848
1849
1850
1851
1855
1856
1857
1858
1859
1860
1861
1862
1864
1866
1867
1868
1869
1870
1871
1872
1873
1874
1875
1876
1877
1878
1879
1880
1881
1884
1889
1893
1894
1905
1922
1923
1927
1929
1930
1931
1935
1936
1937
1938
1940
1941
1946
1949
1950
1951
1953
1956
1957
1960
1962
2012
2019
2022
2024
2025
2031
2034
2038
2062
2063
2068
2071
2072
2076
2093
2095
2105
2107
2122
2123
2124
2126
2139
2156
2158
2159
2160
2165
2166
2178
2179
2181
0
2
3
6
11
12
14
21
23
26
27
28
32
57
71
72
84
110
111
113
116
117
122
123
126
144
169
170
173
176
178
182
188
191
195
196
214
215
221
234
236
238
248
256
259
260
261
263
267
268
269
272
273
281
290
291
296
299
300
303
306
307
312
313
314
315
318
319
322
324
326
330
337
338
339
340
341
346
348
352
353
358
359
362
363
369
374
375
381
385
387
389
393
394
400
409
410
417
420
432
501
504
505
530
533
541
567
574
589
603
604
605
606
607
608
609
681
735
741
759
770
944
960
968
971
974
1003
1004
1006
1007
1010
1011
1035
1038
1052
1058
1063
1085
1089
1216
1231
1234
1235
1251
1271
1291
1300
1329
1337
1338
1339
1340
1346
1347
1348
1364
1383
1396
1397
1398
1399
1400
1401
1404
1405
1406
1407
1408
1411
1457
1471
1473
1480
1488
1547
1557
1566
1567
1569
1570
1573
1574
1575
1577
1578
1580
1581
1582
1583
1584
1586
1587
1589
1590
1591
1597
1604
1605
1629
1698
1700
1701
1706
1710
1721
1729
1730
1736
1737
1738
1739
1741
1742
1745
1748
1749
1750
1751
1752
1753
1754
1755
1756
1757
1772
1829
1833
1837
1841
1843
1845
1847
1848
1851
1852
1853
1854
1855
1856
1857
1858
1859
1860
1861
1862
1864
1867
1868
1869
1870
1871
1872
1873
1874
1876
1877
1878
1879
1880
1883
1884
1886
1892
1895
1900
1914
1915
1917
1918
1923
1930
1939
1947
1952
1953
1956
1957
1959
1971
1972
1973
1975
1978
1981
1984
1985
1988
1995
1996
1997
1999
2001
2002
2005
2006
2007
2008
2009
2010
2011
2012
2013
2014
2015
2016
2017
2023
2025
2026
2027
2032
2034
2038
2055
2059
2060
2062
2080
2081
2086
2107
2123
2126
2139
2159
2160
2161
2162
2163
2164
2165
2166
2167
2176
2177
2178
2179
2180
2181
2182
2183
2188
2193
4
8
10
11
12
14
20
23
28
29
33
34
35
36
37
38
41
42
43
49
52
53
54
56
63
67
69
83
88
89
90
94
95
96
97
98
99
101
127
141
144
145
149
160
168
171
172
173
175
176
179
193
196
197
198
199
207
237
240
241
242
251
252
261
262
265
268
269
270
271
273
278
279
284
285
289
291
296
302
304
305
308
313
314
319
320
321
322
323
328
329
332
340
342
344
345
346
347
348
349
352
355
356
359
361
365
366
368
369
373
375
376
382
383
386
390
391
396
397
427
429
445
446
448
449
451
452
453
454
455
456
458
461
462
463
464
467
468
472
473
475
476
477
481
482
489
496
506
509
513
517
519
521
534
547
551
552
558
579
601
626
627
689
691
694
738
765
959
960
961
963
965
988
1005
1027
1030
1032
1039
1047
1051
1059
1073
1093
1143
1155
1158
1164
1166
1239
1252
1254
1256
1260
1271
1344
1347
1348
1353
1375
1376
1377
1378
1380
1381
1382
1383
1384
1385
1387
1388
1389
1390
1393
1394
1412
1414
1415
1455
1468
1470
1510
1533
1536
1544
1600
1603
1604
1605
1609
1610
1612
1613
1614
1646
1671
1674
1678
1679
1680
1681
1683
1684
1685
1686
1715
1718
1719
1720
1723
1725
1727
1728
1730
1740
1756
1760
1762
1764
1768
1775
1776
1777
1778
1779
1780
1781
1782
1783
1784
1785
1786
1787
1788
1789
1790
1791
1792
1793
1794
1795
1796
1797
1798
1799
1800
1801
1802
1803
1804
1805
1806
1807
1808
1809
1810
1811
1812
1813
1814
1815
1816
1817
1818
1819
1820
1821
1822
1823
1825
1826
1864
1865
1866
1880
1906
1910
1913
2076
2078
2083
2090
2092
2094
2097
2098
2101
2103
2107
2109
2123
2124
2126
2139
2141
2155
2156
2157
2168
2169
2170
2171
2173
2174
9
10
12
14
16
18
21
23
27
28
29
33
34
35
36
37
38
39
41
42
43
48
51
52
53
54
56
88
90
91
93
94
95
101
141
143
144
147
168
172
177
179
197
203
241
251
252
262
265
268
270
271
273
276
278
284
285
289
291
302
304
305
307
308
313
320
321
322
328
332
335
342
344
345
346
347
348
349
352
359
361
366
368
373
375
376
377
383
387
390
391
394
446
448
451
453
461
462
463
465
466
468
472
474
476
478
479
480
481
482
503
511
513
515
516
517
520
546
551
552
555
558
564
626
627
663
689
690
738
765
778
921
937
960
983
985
986
1031
1044
1045
1047
1059
1061
1088
1093
1158
1164
1166
1250
1254
1260
1271
1272
1280
1318
1319
1347
1376
1377
1378
1380
1382
1383
1384
1386
1392
1393
1413
1470
1491
1593
1594
1603
1604
1605
1608
1611
1613
1615
1616
1645
1647
1667
1671
1675
1678
1684
1685
1686
1718
1721
1727
1728
1731
1732
1733
1747
1756
1757
1758
1759
1760
1761
1762
1763
1764
1765
1766
1767
1768
1769
1770
1771
1774
1775
1776
1777
1778
1779
1780
1781
1782
1783
1784
1787
1788
1789
1791
1792
1793
1794
1795
1796
1797
1798
1799
1800
1801
1804
1805
1806
1808
1809
1810
1811
1812
1813
1814
1817
1819
1820
1822
1823
1865
1866
1879
1881
1906
1907
1908
1909
1910
1911
1912
1913
2076
2078
2080
2081
2090
2092
2094
2097
2098
2103
2109
2123
2124
2126
2139
2146
2155
2156
2157
2162
2163
2167
2168
2169
2170
2171
2172
2173
2174
11
12
14
15
16
17
18
20
21
22
23
25
27
28
29
30
34
36
39
40
41
42
43
50
52
53
54
67
70
83
84
90
91
92
97
101
141
149
163
172
173
193
197
199
233
240
241
242
249
250
251
261
262
263
265
267
269
270
271
273
276
278
284
291
296
302
303
304
305
307
308
313
314
318
319
320
321
322
323
332
340
342
343
344
345
346
347
348
349
352
356
359
361
364
365
368
373
376
383
387
390
391
394
396
400
417
429
430
445
446
448
451
452
454
456
458
461
462
464
465
466
467
468
473
476
477
478
480
481
482
506
507
508
509
511
516
517
519
520
531
532
546
549
551
552
558
572
626
627
676
689
691
692
831
940
959
960
1041
1047
1073
1104
1155
1164
1250
1254
1271
1320
1341
1376
1377
1378
1380
1381
1382
1383
1384
1387
1391
1392
1393
1413
1468
1537
1544
1593
1594
1596
1604
1605
1606
1613
1614
1665
1678
1681
1682
1684
1685
1686
1717
1719
1722
1724
1727
1730
1756
1757
1759
1760
1763
1765
1767
1768
1770
1772
1773
1774
1776
1778
1782
1783
1785
1786
1787
1793
1794
1800
1805
1806
1809
1810
1811
1812
1813
1814
1815
1816
1817
1818
1819
1822
1823
1824
1825
1826
1846
1864
1866
1880
1907
1908
1909
1910
1911
1912
1913
2076
2078
2081
2090
2092
2097
2098
2107
2123
2126
2139
2155
2156
2162
2167
2168
2169
2170
2171
2172
2173
2174
2175
0
2
6
11
12
13
26
28
60
71
82
92
110
111
113
116
117
122
123
126
128
131
144
152
169
170
173
182
187
190
192
195
201
203
211
214
215
217
221
222
226
230
234
235
236
237
250
256
258
259
261
263
265
267
268
269
280
281
285
287
288
290
291
296
299
300
307
308
311
312
313
314
315
318
325
330
337
339
340
346
352
353
354
358
359
360
362
363
364
372
374
375
381
382
384
385
387
389
394
400
401
409
410
412
417
491
500
501
504
505
508
530
533
574
589
603
604
605
606
607
608
611
735
756
770
802
907
943
944
957
968
1003
1004
1007
1011
1035
1037
1038
1052
1053
1055
1057
1058
1063
1085
1142
1153
1193
1208
1218
1221
1234
1235
1240
1250
1271
1292
1293
1300
1329
1337
1338
1339
1340
1341
1348
1357
1364
1383
1385
1396
1397
1398
1399
1400
1401
1402
1403
1404
1405
1406
1408
1411
1452
1457
1461
1473
1480
1547
1557
1563
1564
1565
1566
1567
1568
1569
1570
1571
1572
1573
1575
1579
1580
1581
1582
1584
1585
1586
1587
1589
1591
1605
1629
1672
1682
1697
1698
1700
1701
1702
1705
1706
1710
1714
1731
1736
1737
1739
1740
1742
1743
1748
1750
1752
1753
1755
1756
1783
1827
1832
1834
1841
1844
1845
1847
1848
1850
1853
1854
1855
1856
1857
1858
1859
1860
1861
1862
1864
1867
1868
1870
1871
1872
1874
1875
1877
1878
1882
1883
1884
1885
1886
1887
1888
1889
1890
1891
1892
1893
1894
1895
1899
1914
1915
1916
1917
1918
1919
1920
1921
1922
1923
1924
1930
1931
1932
1935
1937
1942
1944
1947
1948
1952
1953
1954
1955
1956
1957
1958
1959
1960
1961
1962
1963
1964
1965
1966
1967
1968
1969
1970
1971
1972
1973
1974
1975
1976
1977
1978
1979
1980
1981
1982
1983
1984
1985
1986
1987
1988
1989
1990
1991
1992
1993
1994
1995
1996
1997
1998
1999
2000
2001
2002
2003
2004
2005
2006
2007
2008
2009
2010
2011
2012
2013
2014
2015
2016
2017
2018
2022
2023
2024
2025
2027
2028
2029
2032
2033
2034
2038
2061
2069
2080
2081
2086
2107
2126
2140
2145
2158
2159
2160
2161
2165
2166
2176
2178
2181
2182
2183
2186
2192
1
6
14
47
71
72
78
82
84
109
110
111
113
116
117
120
123
126
128
132
163
169
182
187
188
190
195
196
222
227
231
234
236
244
248
256
259
260
267
268
269
275
280
281
288
290
291
295
296
300
307
311
312
315
319
331
337
339
340
346
354
358
359
362
363
371
381
384
389
400
401
409
410
423
432
492
504
505
531
567
589
603
604
605
608
735
741
759
769
793
794
943
944
968
971
1003
1004
1006
1008
1011
1034
1035
1037
1038
1052
1053
1058
1063
1193
1208
1231
1232
1234
1300
1316
1329
1337
1338
1339
1340
1343
1347
1348
1363
1364
1396
1401
1402
1403
1404
1405
1406
1408
1409
1411
1457
1473
1480
1552
1557
1558
1562
1563
1564
1565
1567
1568
1570
1572
1573
1576
1580
1581
1582
1584
1585
1586
1587
1589
1591
1596
1625
1629
1663
1697
1698
1699
1706
1708
1730
1737
1742
1743
1745
1746
1748
1750
1751
1752
1755
1828
1830
1832
1835
1838
1840
1841
1842
1843
1844
1845
1851
1852
1854
1855
1856
1857
1858
1859
1860
1861
1862
1867
1868
1869
1870
1871
1873
1874
1883
1884
1885
1886
1887
1888
1889
1891
1892
1893
1896
1897
1898
1899
1900
1901
1902
1903
1904
1905
1914
1915
1916
1917
1919
1921
1923
1925
1928
1932
1937
1954
1957
1959
1960
1961
1963
1964
1965
1966
1970
1971
1972
1973
1974
1976
1977
1978
1979
1981
1982
1983
1984
1985
1987
1988
1989
1990
1994
1996
1997
1998
1999
2000
2002
2003
2004
2005
2006
2007
2008
2009
2010
2011
2012
2013
2014
2015
2016
2017
2018
2019
2021
2024
2025
2026
2027
2028
2029
2030
2034
2040
2041
2042
2043
2044
2045
2046
2047
2048
2049
2050
2051
2052
2053
2054
2055
2056
2057
2058
2059
2060
2061
2062
2063
2064
2067
2069
2070
2077
2086
2107
2140
2159
2161
2164
2178
2181
2184
2185
2186
2187
2193
0
2
5
6
11
14
46
71
72
76
86
110
111
113
116
117
123
126
128
169
173
182
188
194
214
215
216
221
222
226
230
234
235
236
256
259
260
269
281
288
299
300
306
311
312
315
317
324
337
338
339
340
346
353
357
358
359
362
363
364
375
381
384
389
400
410
491
501
504
505
527
530
567
574
589
603
604
605
607
608
609
614
705
735
741
759
766
793
944
968
976
1003
1004
1006
1008
1010
1011
1037
1038
1052
1058
1063
1084
1148
1208
1289
1290
1292
1329
1337
1338
1340
1348
1357
1364
1396
1403
1406
1408
1410
1415
1456
1457
1471
1473
1480
1484
1541
1547
1557
1563
1565
1566
1570
1573
1574
1575
1576
1579
1580
1581
1582
1584
1587
1588
1589
1591
1624
1629
1673
1700
1701
1702
1705
1706
1707
1709
1745
1746
1748
1749
1750
1752
1756
1783
1831
1843
1844
1845
1848
1851
1852
1853
1854
1855
1857
1858
1859
1861
1862
1870
1871
1873
1875
1882
1883
1886
1888
1891
1892
1894
1895
1896
1897
1899
1900
1901
1903
1904
1913
1914
1916
1918
1919
1920
1921
1922
1923
1937
1939
1955
1957
1963
1967
1968
1969
1972
1973
1974
1975
1976
1977
1978
1980
1982
1983
1984
1986
1987
1988
1990
1991
1992
1993
1994
1995
1996
1997
1998
1999
2000
2001
2002
2003
2004
2005
2006
2007
2008
2009
2010
2011
2012
2013
2014
2015
2018
2019
2020
2021
2022
2023
2024
2025
2026
2027
2028
2029
2030
2031
2032
2033
2034
2035
2036
2037
2038
2039
2040
2041
2042
2043
2044
2045
2046
2047
2048
2049
2050
2051
2052
2053
2054
2055
2056
2057
2058
2061
2062
2063
2064
2065
2066
2074
2086
2093
2126
2145
2150
2158
2159
2161
2165
2191
2192
2193
2
11
12
14
16
18
22
26
46
48
57
60
71
72
77
78
85
98
105
109
110
112
116
117
123
126
130
133
140
143
145
163
169
172
173
180
182
187
188
190
191
194
196
201
207
211
212
213
215
217
219
221
226
233
234
236
238
239
243
244
248
251
256
258
259
260
261
264
265
267
269
270
272
273
274
275
280
281
285
287
288
290
291
293
296
300
303
305
306
308
311
312
313
315
318
319
320
322
324
330
337
338
339
343
346
348
352
353
358
359
362
363
365
367
372
374
375
379
382
383
384
385
388
394
400
401
412
418
432
434
491
492
494
500
505
512
530
541
567
589
603
604
607
608
610
648
683
684
693
702
705
712
717
795
907
914
943
944
948
957
968
1004
1007
1009
1011
1034
1035
1036
1037
1038
1052
1058
1060
1063
1088
1099
1154
1219
1242
1252
1292
1300
1317
1329
1337
1338
1340
1342
1347
1349
1364
1365
1378
1385
1396
1397
1400
1401
1404
1405
1406
1410
1412
1452
1455
1457
1461
1465
1471
1480
1485
1487
1536
1547
1557
1562
1563
1568
1569
1570
1571
1572
1573
1574
1578
1579
1580
1581
1586
1587
1589
1591
1605
1639
1661
1666
1672
1682
1700
1701
1704
1710
1730
1731
1735
1737
1739
1740
1741
1743
1745
1752
1753
1756
1772
1783
1792
1824
1827
1828
1829
1830
1831
1832
1833
1834
1835
1836
1837
1838
1839
1840
1841
1845
1847
1848
1849
1854
1855
1856
1857
1858
1859
1860
1861
1863
1864
1867
1869
1870
1871
1876
1878
1879
1885
1887
1888
1891
1892
1896
1898
1899
1900
1902
1904
1905
1914
1915
1916
1919
1921
1923
1924
1925
1926
1927
1928
1929
1930
1931
1932
1933
1934
1935
1936
1937
1938
1939
1940
1941
1942
1943
1944
1945
1946
1947
1948
1949
1950
1951
1952
1953
1954
1955
1956
1958
1959
1961
1971
1973
1975
1994
1997
1998
1999
2000
2003
2004
2005
2006
2007
2008
2009
2010
2012
2019
2022
2023
2024
2025
2026
2027
2030
2033
2034
2036
2037
2038
2039
2059
2062
2063
2064
2065
2066
2067
2068
2069
2070
2071
2072
2074
2076
2086
2103
2107
2139
2140
2146
2158
2160
2176
2177
2178
2179
2180
2181
2182
2183
2184
2185
2186
2187
2188
2189
2190
2191
2192
2193
