1094
1095
1101
1103
1110
1116
1118
1119
1135
1136
1138
1142
1153
1157
1163
1170
1173
1177
1179
1202
1211
1212
1217
1224
1229
1230
1234
1241
1251
1258
1263
1264
1266
1269
1277
1278
1282
1283
1286
1294
1297
1309
1325
1326
2251
2254
2278
2279
2086
2091
2094
2106
2109
2121
2124
2127
2128
2672
2683
2388
2390
2397
2401
2423
2425
2698
2701
1738
1742
7572
7575
7578
7580
7585
7588
1838
1840
1854
1855
1895
1900
1910
2438
2446
2452
2481
2483
2489
2517
2525
2532
2544
2556
2572
2578
2589
2626
2628
2922
2930
2961
2984
3309
3312
3326
3357
2194
2198
2211
2231
869
880
890
892
897
904
912
931
932
936
937
3771
3776
3787
3789
3790
3796
3803
1536
1538
1540
1542
1550
1559
1562
1576
1578
1595
1596
1611
1615
1620
1640
1645
1648
1655
1682
1688
1691
1699
1800
1802
1806
7676
7680
7683
7684
7685
7691
7696
7703
7710
4949
4950
4953
4955
4974
4975
3549
4097
3830
3846
3857
3861
3888
3058
3077
3086
3110
3131
3249
3272
3730
3746
3676
3636
3189
3234
3175
2299
2303
2307
2333
1937
1954
1967
1984
1990
1996
1997
2002
2005
2017
2027
2031
2035
2043
2052
966
990
996
1018
1031
1033
1034
1038
1042
1043
1047
1050
1052
1060
1081
1085
1430
1439
1454
1465
1467
1479
1500
1505
1507
1510
1518
1523
3
10
13
15
27
29
30
36
48
54
55
68
71
79
88
91
96
98
103
104
107
109
118
119
124
126
131
132
134
139
148
153
157
162
169
170
171
172
177
178
180
181
187
200
204
206
212
213
214
235
236
240
241
255
268
269
272
278
281
282
291
293
301
302
303
304
312
314
315
322
333
341
344
348
349
364
365
372
374
376
378
379
400
403
405
407
409
410
418
419
429
441
447
450
468
470
483
484
493
494
498
504
507
509
511
512
516
517
520
524
525
528
530
531
535
537
542
544
545
557
565
578
579
584
588
593
595
600
606
609
610
617
618
621
624
633
636
646
657
659
688
690
700
701
704
706
707
709
713
742
744
761
771
774
797
798
801
819
824
833
838
841
847
1363
1372
1384
1404
1405
1419
1423
2725
2756
2818
2819
2825
2829
2880
2895
7535
7537
7543
7618
7624
7631
7635
5784
6179
6205
6206
6265
5948
5966
6287
6350
6363
4180
4183
4191
4206
4233
4239
4242
4243
4251
4272
4279
4280
4282
4283
4291
4303
4320
4352
4355
4360
4362
4374
4380
4381
4387
4389
4390
4391
4394
4397
4407
4413
4415
4419
4701
4704
4746
4756
4766
4767
4768
4778
4780
4781
4783
4784
4786
4788
4790
4808
4811
4812
5534
5536
5540
5546
5555
5557
5571
5610
6030
6040
6046
6048
6063
5353
4918
4921
4143
4147
4168
4178
3365
3377
3387
3428
3435
3461
3508
3513
3536
3664
3912
3915
3924
3930
3931
3944
3947
3969
3970
3975
3977
3978
4006
4521
4533
4577
4578
4587
4613
4627
4633
4638
4651
4652
4653
4656
4661
4671
4681
4685
4848
4857
4858
6413
6439
5051
5109
5114
5126
5134
5146
5159
5166
5168
5173
5182
5187
5188
5197
5198
5201
5869
5937
7961
7963
7971
7977
7979
7981
7982
7987
8001
8003
8015
8017
7645
7649
7658
7660
7661
7667
7546
7548
7562
11093
11014
11128
10459
10475
10512
10526
10530
10536
10543
10546
10553
10564
10581
11378
11386
12734
12740
12741
11832
11836
11853
11861
11884
11893
11895
11896
10229
5209
5210
5214
5215
5218
5219
5220
5221
5222
5224
5227
5231
5232
5233
5242
8704
8709
8711
8718
8720
8725
8726
8727
8742
8745
9258
9259
9266
9275
9276
9281
9285
9286
9295
9312
9314
9326
9363
9390
9400
9404
9408
7807
7809
7811
7813
7821
7829
7831
7834
7837
8035
8042
8044
8050
8052
8060
8068
8108
8113
8125
8127
8150
8156
8162
7487
7503
6089
6103
6116
6118
6121
5427
5467
6783
6785
6786
6794
6833
6844
6872
6591
6593
6594
6604
6607
6616
6623
6996
7008
7013
7026
7038
7047
6528
6555
6560
6562
6563
6639
6657
6669
6673
6676
6151
7144
7160
7713
7742
7745
7838
7839
7847
7853
7856
7858
7862
7863
7864
7876
7508
7517
7518
7754
7764
7774
7189
7222
7242
7280
7590
7592
7602
7607
8881
8883
8902
8904
8918
8919
8922
8948
8949
8951
8985
8993
8997
9004
9017
9031
9049
9078
8490
8492
8493
8494
8511
8514
8517
8524
8526
8528
8544
8546
8571
8573
8577
8639
8675
8677
8680
8684
8686
8689
8700
8702
6693
6696
6730
6742
6743
6755
9792
9795
9796
9797
9799
9801
9807
9820
9836
9838
9839
9848
9849
9851
9853
9855
9859
9866
9870
9874
9879
9880
9888
9891
9894
9898
9900
9901
9907
9909
9910
9918
9921
9924
9936
9960
9980
9981
9984
10001
10005
10013
10017
10021
10022
10023
10031
10032
10033
10035
10039
10051
10056
10058
10059
10061
10062
10063
10073
10074
10075
10076
10077
10079
10081
10092
10097
10098
10101
10102
10107
10108
10113
9409
9411
9412
9413
9416
9418
9422
9431
9437
9439
9447
9469
9495
9510
9527
9569
9570
9579
9582
9584
9592
9600
9601
9620
9621
9627
9629
9631
9633
9647
9650
9657
9660
9666
9671
10332
10340
10370
10376
10396
10433
9754
9755
9767
9785
8170
8225
8227
8229
8242
8250
8252
8256
8257
8258
8269
8272
8273
8277
8282
8284
8288
8311
8312
8421
8422
8432
8451
8457
8469
8477
8483
11501
11528
11530
8802
8817
8831
8861
8871
11240
11317
11322
10636
10659
10689
10309
12286
12292
12144
12147
12153
12176
12193
12197
12226
12229
12231
12742
12744
12753
12755
12759
12761
12788
12826
12828
12841
9134
9140
9144
9151
9156
9171
9172
9173
9174
9175
10757
10766
10866
10875
10914
10922
10929
10953
10958
10963
10968
10118
10121
11897
11898
11942
11945
11950
11962
11983
12019
12020
12042
11555
11601
11623
12608
12613
12620
12622
12624
12631
12633
12634
12642
12643
12645
12647
12648
12654
12657
12659
12673
13955
13966
13203
13223
13228
13265
13270
13286
13306
13378
13380
13390
13426
13441
13442
13448
13460
13467
13548
13572
13582
13665
13666
13676
13685
13708
13714
13723
13847
13882
13904
13923
14789
14820
14860
14862
12866
12874
12887
12899
12904
12905
12916
12924
12931
12950
12959
12999
13003
13007
13019
13020
13023
13766
13776
14450
14474
14282
14283
14332
13657
16024
16034
16056
16067
16077
16082
16093
16101
16112
16122
16126
16128
16140
16142
16144
16156
16158
16166
16176
16178
16196
16198
16202
15800
15818
15820
15829
15831
15833
15835
15839
15857
15894
15895
15896
15914
15919
15924
15929
15935
15942
15943
15944
15952
15956
15959
15963
15974
14900
14932
14941
14971
14989
15001
15047
15049
12411
12420
12425
12430
12442
12469
12488
12495
12498
12499
12507
12516
12521
12523
12524
12543
12551
12557
12580
12594
12605
12606
16423
16481
16507
17111
17127
17131
17145
17149
17155
17485
16534
16549
16556
16564
16581
16643
16669
16721
16728
16749
16759
16762
16778
14233
13067
13071
13074
13086
13089
13096
13118
13119
13122
13126
13133
13143
15614
15619
15634
15659
15665
15687
15689
15691
15692
15699
15711
15712
15718
15719
15720
15721
15734
15739
15745
15747
15749
15750
15771
15789
15790
15135
15214
15219
15231
15250
15278
15288
15312
15317
15330
17028
17038
17056
17059
17063
17083
16795
16803
17898
17912
17913
17919
17958
17965
17992
17994
18005
18009
18025
18029
18031
18033
17488
17493
17641
18214
18216
18227
18242
18248
18256
18271
18273
18274
18276
18277
18305
18316
18320
18321
18323
18326
18327
18355
18366
18379
18380
18382
18110
18120
18146
18147
18158
18167
18181
18194
18198
18200
18206
16223
16232
16241
16259
16266
16270
16272
16277
16315
16336
16337
16342
16353
16355
14553
14565
14596
14607
14613
14658
14661
15389
15415
15416
15458
15524
15534
15537
16883
16887
16926
16927
16940
16943
16944
16954
17686
17689
17713
17714
17717
17777
17801
17806
17817
17827
17834
17843
17845
17862
17876
18915
18924
18933
18934
18946
21168
21184
21192
21196
21208
21214
21220
21235
21240
21246
21255
21264
21293
21297
21305
21320
21331
21336
22666
23848
23849
23866
23871
23872
23873
23888
23889
23891
23895
23904
23912
23916
23917
23919
23936
23952
23993
23994
24013
24036
24871
24877
24879
24880
24883
24884
24886
24892
24897
24898
24899
24902
24904
24913
24935
24148
24171
24184
24202
24207
21704
21711
21745
21752
21882
21930
21931
21936
21953
21958
21962
21981
21983
21338
21349
21354
21355
21360
21361
21362
21364
21377
21385
21403
21421
21441
21444
21446
21458
21462
21466
21470
21479
21515
21524
21548
19973
19974
19991
20012
20020
19460
19483
19116
19153
19169
19173
19184
18688
18704
18713
18728
18060
18064
18071
18553
18563
18595
18632
18634
18648
17321
19390
19391
19836
18974
18975
18976
19010
19015
19017
19040
19046
19060
18771
18774
18791
18792
18801
18811
18815
18816
18818
18820
18826
18831
18836
18852
18855
18859
18860
18863
18887
18897
18900
18392
18398
18401
18403
18418
18422
18430
18436
18437
18444
18445
18447
18458
18461
18466
18467
18470
18481
18483
18489
18503
18504
19541
19302
19684
20046
20366
20397
20406
20410
20411
20412
20426
20440
20454
20456
20229
20230
21108
21110
21111
21136
21139
21140
21160
21166
20242
20258
20315
20320
19795
24494
24511
24512
24516
24518
24521
24527
24528
24532
24546
24548
24553
24557
24559
24569
24571
24572
24573
24602
24612
24619
24622
24631
24636
24639
24658
23410
23415
23428
23429
23443
23448
23452
23453
23488
23491
23502
23504
23509
23521
23522
23525
23530
23532
23543
23548
23556
23557
23579
23585
23586
23589
23597
23603
23612
20612
20618
20622
20625
20633
20634
20639
20645
20648
20665
20667
20668
22112
22145
22146
20676
20682
20685
20737
20738
20743
20752
20771
20778
20779
20781
20469
20497
20510
20511
20512
20513
20528
20534
20567
20796
20802
20805
20808
20829
20842
20847
20855
20883
20886
20900
20906
20910
21008
21014
21021
21059
22816
22823
23680
23720
23725
23739
23741
23753
23756
23801
23812
23813
23814
23818
23819
23821
23822
23823
22358
22376
22404
22417
22429
22448
22472
22320
23335
23381
22968
22983
22987
22993
22999
23004
23007
23021
23028
23046
23096
23100
23107
23128
23143
22168
22190
23174
23182
23184
23216
23225
23235
23257
23272
23292
23296
23303
24418
24419
24444
24214
24226
24229
24252
24320
24378
24385
25075
25076
25081
25105
25113
25114
25122
25151
25156
25169
25171
25173
25193
25195
25382
25388
25392
25393
25440
25453
25479
25491
25498
26651
26661
26683
26685
26692
26695
26711
26721
26730
26740
26768
26771
26772
26773
26955
26989
26440
26030
26034
26066
26074
26079
26102
26103
26105
26145
26156
26173
26175
26176
26178
26201
26204
26205
26216
26217
26220
26230
26243
26252
26253
26269
26279
26283
26286
26289
26301
26310
26311
26313
26315
26317
26320
26321
26322
26323
26324
26329
26340
26345
26353
26356
26360
26367
26381
26383
27066
27152
27190
28650
28651
28658
28663
28666
28668
28671
28674
28686
28688
28699
28721
28728
28732
28733
27815
27855
27872
27884
26856
25663
25671
25712
25727
25262
25276
25283
25311
25346
24850
24851
24853
24855
24863
24866
24870
24671
24734
24758
24787
24954
24960
24972
24981
24990
25005
25011
25015
25026
25033
25037
25063
25865
25884
25932
27358
27360
27363
27371
27374
27397
27404
27409
27411
27414
27418
27419
27422
27430
27731
27734
27752
27763
27773
27778
27785
27899
27936
27953
26495
26543
26544
26549
26556
26577
26638
26889
27295
27296
27297
27308
27312
27318
27326
27341
27346
27354
28739
28740
28744
28748
28749
28752
28755
28759
28782
28783
28787
28788
28790
28799
28800
28801
28806
28809
28814
28817
28819
28822
28827
28830
28836
28848
28850
28885
27244
27262
27276
27280
27454
27456
27478
27481
27498
27499
27534
27569
27584
27585
27588
27590
27596
27598
27602
27603
27604
27605
27606
27607
27608
27610
27613
27618
27619
27620
27621
27622
27623
27625
27626
27630
27631
27632
27634
27635
27638
27639
27640
27641
27642
27643
27645
27647
27649
27650
27651
27653
27655
27656
27657
27658
27659
27662
27665
27672
27675
27677
27678
27679
27682
27683
27687
28196
28207
28223
28238
28240
28250
28259
28263
28268
28275
28299
28311
28321
28331
28334
28416
28446
28447
28458
28480
28511
27993
27996
28037
28044
28045
28061
28062
28064
28071
28074
28075
28079
28080
28095
28104
28105
28108
28111
28127
28128
28131
28135
28136
28141
28144
28597
28599
28608
28612
28617
28624
28630
28639
1334
1337
1340
1344
1745
1746
3144
4008
4019
4026
4031
4431
4439
4444
4445
5256
5257
5259
5262
5264
5265
5276
5636
5639
5975
5978
5979
5983
5986
6489
6935
6953
6958
7890
7896
8329
8334
8346
9187
9190
9696
9682
10131
10132
10136
10157
10585
12240
12257
13162
13631
13632
14071
14078
15564
15986
15989
16393
16398
16399
16821
16828
17659
18085
18514
18519
18520
18525
18949
18953
19369
20583
20584
20585
21082
21592
21605
21610
22044
22050
22484
22934
24065
24072
24809
25216
25617
25618
25619
25622
25623
25625
25613
25616
25966
25972
26399
26403
26811
26814
26803
26808
27218
28899
28900
28901
28902
28904
28905
28907
28910
28911
28914
28917
28918
28919
28921
28924
28886
28887
28890
