142956.607421876
-11695.830718723168
50779.34301169944
-4124.42367429583
-153743.955114087
-58390.86605031343
128291.4263956513
-15771.710279668316
57447.515841580156
-3685.894138674957
-141375.44028081704
-54337.38013444941
174574.34079178268
-25600.59820803972
61380.016205814456
-2903.911837870799
-181667.29510950932
-72528.94708802739
76541.59403195592
-20041.820453558907
53103.996823880756
891.8267485508491
-85358.4902134825
-34995.90015750488
91376.8363056811
-15099.77047031841
57567.65882737984
-389.6065466101899
-95994.75979449105
-39142.48608925761
89883.11194260776
-25751.992289805356
61810.368903023045
-5452.925348137271
-108619.75378519468
-44983.68258960653
86779.957817926
-13022.245915704798
67082.4255985182
-12813.761140465836
-112663.15232806168
-48171.16191818846
102286.13381559834
-13857.839416634875
74584.27932095206
-15244.70037933936
-133767.43832533853
-55764.661281941146
128043.41719944602
-33166.166314307615
86279.86311695608
-18125.62072843098
-173325.6453714896
-70759.59354664783
143615.5967201165
-29790.146028792926
85783.94492983111
-14190.435756757379
-161083.06981148067
-64872.947676533404
90734.35495059368
-12864.8201327556
73797.6732420358
-10070.126425694876
-116439.00503393837
-46900.16030647322
102077.43210444183
-22829.420047234704
89985.7413536241
-11155.849018210767
-139794.88761615354
-55466.481237797925
105529.65537489436
-40439.68411469122
97068.7740203912
-11427.03136884425
-153046.15268762
-58664.68423036002
73373.01969181646
-19943.388957583866
83144.63519404652
-9910.265646633796
-118615.52255018541
-43108.92897709694
96920.04095249258
-15932.138748228439
94676.30110160682
-14776.482829305005
-150201.906186379
-54083.82943571599
108942.07454308632
-31107.563858435005
105929.15510503211
-17977.32909389212
-173032.45967808517
-64661.10651351302
85877.99006027087
-24048.922389449777
101174.49690733715
-12931.085361131032
-146523.27475418503
-53374.889959061285
101615.1426410854
-19101.02513464151
128380.39149331201
-12718.710178353353
-198917.0144962297
-72281.9417299507
122465.47443950985
-54546.53311322028
162222.5782824145
-17622.54466190846
-269077.3925602875
-97205.71399074716
95272.41898458316
-26706.573878815743
128541.48094648698
-14247.820103600143
-194135.9667682668
-68507.20423726257
89470.49112907879
-37547.58552389454
140418.9677112543
-16843.223993069663
-211887.89070611732
-74348.6164862482
81764.61021112281
-24573.69950484024
144715.9411270926
-16912.052369348326
-206370.04581497548
-70794.22422919018
79305.821468611
-30749.506999431585
141553.56035772065
-16744.01993231786
-198803.39728532452
-69037.52551273315
97379.61078836345
-40192.529013030085
160242.93129450415
-20245.31425182673
-235440.94363110804
-83056.03868212464
91931.54469522981
-52077.51153349279
165292.07634016886
-20751.49307615389
-244781.3376109073
-87328.20849594129
68166.17753258433
-31716.680645418965
132713.5655687154
-14654.14989590476
-179308.46693625266
-64624.73348305432
82102.93601952014
-46273.96797548076
149777.9778183821
-16922.349634631842
-207847.13357960613
-75773.47585407141
100159.92083354856
-48018.87273493065
192194.33687007712
-22529.95670949559
-289164.11681459873
-103491.73514709307
79853.68186301093
-52397.44221937099
166848.3241587256
-17348.134969868097
-233769.18623627245
-82823.96225198875
76955.05249406715
-34325.17617051346
164476.44314382283
-15727.743758491246
-226176.60931796252
-78749.03445391599
60692.21616844373
-43879.09453199244
157296.81747405056
-15780.293484057514
-210313.0830713638
-73110.29459083796
75409.76769042973
-41803.83648786809
177820.8083364887
-22176.099275727258
-246549.98632154634
-89168.90919410548
61080.74326104497
-50685.54511072062
193684.9428400301
-23140.34969178895
-274269.1550439749
-99163.91918648273
52599.00943425976
-37894.972450725356
209927.01170529105
-21871.741156793338
-302729.77404083434
-107227.14257528682
73931.5427257123
-78299.97553631451
235819.13695278438
-21966.61848411985
-350655.5479352423
-123539.9579958295
34923.22559270156
-53473.68711975314
208182.1413317527
-15369.78131179203
-299864.7902400908
-106856.39702159964
45403.33790340457
-64400.59760568292
266179.5048678233
-21881.041032047673
-405366.9459032374
-142806.78506359173
30851.48990398237
-54273.774307062915
202987.92306281536
-17390.954631343517
-280992.29496394965
-100772.64711937569
58279.89049532271
-111455.01354852322
369481.4685854639
-32610.44883808159
-593638.8233224066
-212468.06407717144
19070.56540195391
-52004.53767873952
192103.45882900248
-12499.808286348076
-260240.3313650548
-91735.06778188239
12874.85636652302
-64831.04326058908
229327.91693391942
-14952.038304152053
-330445.5126893343
-114806.3596433143
20369.576774002675
-60522.72473670754
242429.8640366796
-13658.258230744814
-344879.9666242152
-118899.87761074872
-7829.247578656411
-100122.78054760933
375835.49542298523
23887.845310571993
577841.4756704735
199141.08773234283
8374.034945186182
-105726.60407576231
377309.4034119399
26780.372620989954
567472.5227101824
201696.80682882803
-19578.109836931548
-69415.95295241034
288720.4323813168
10914.22490229206
373928.70736396126
132877.45488965156
-56596.88364917897
-92655.42267357587
345487.11646508187
15449.037962723349
455388.79376169416
162955.37585232017
-40154.77974165014
-76777.71737597675
313186.9316486328
17193.487992357113
399855.42079522397
142067.23677062566
-76032.52933624457
-103785.48873502928
367645.9954854905
18050.781972780427
477267.10157889203
168510.2157614551
-42749.15463595069
-72319.9391152107
296458.0083998144
12433.875296365284
369652.08399186376
130040.9204831965
-33301.11311496762
-74850.07505726596
277780.31920361274
12277.452053895408
343896.3599876981
121450.42784143667
-30856.106069742098
-37001.605121206594
234543.8727287993
21791.927557028
271777.74211060634
89052.45700395745
-19897.402485874285
-42650.630889168
174900.67376265512
19194.118725492248
223560.55637140997
77191.62108860188
-34195.0491512218
-44620.059408781024
159997.99124084722
13316.244263469163
195796.74084391294
71106.56477427809
-27371.26075522375
-38717.214505259115
136681.44097946404
10803.999895380346
174013.15141287367
64648.31621157331
-42092.47790846117
-28623.893874362428
136714.2965293258
10122.339593399356
178293.16999003536
66404.32447023959
-24789.353230820794
-39563.554245841675
132001.2478482644
10505.524554726695
169310.41490900895
63597.098684064564
-28747.57357151461
-42250.70140019508
130217.34296015385
10304.716494383176
167988.11895873456
64342.736603431375
-15975.037090065316
-45322.70428805164
127820.08136421871
10516.751156555007
166150.17718070018
65947.76365090207
-35526.67897101909
-42527.1343074086
125045.07947317223
9074.443729663128
171654.94333436512
68290.40134229562
-28376.267267562347
-41824.45583389613
118916.5272050179
9989.60746348499
158403.4547742337
62095.98564929989
-38318.56009215182
-41403.97964261652
112965.90428890755
11420.261414258614
155457.11114910003
62034.35348614184
-34449.85471828311
-34713.024857153876
105506.06671240776
9511.134685597843
149413.0145967425
60602.54833476132
-78658.12299219688
-35599.1499753776
116839.12032932891
11642.471008091165
175815.6496556404
71654.67057622637
-117916.74798960668
-81412.95640182786
204608.0466398553
20165.77230806664
302958.69275204645
124379.12508323805
-59274.06822380146
-42934.4080704934
127464.84175522595
15034.164003616044
196759.14225883622
84158.6149375182
-58922.64216112788
-37638.88954604223
90291.07995405202
9981.399232570666
137607.3527038969
61763.220102774816
-78608.43692979113
-50567.26275194544
114506.77128605694
14673.880439188511
175600.42669978391
80154.4992707858
-72416.21879100495
-46914.537304043624
107899.56216925313
14766.128537153492
162479.27694523594
75509.54339519137
-91481.71396006059
-65796.50981383558
147088.6636609667
18949.345184959995
212235.7218834475
99775.51173298169
-68461.63228773062
-27385.21271927863
98499.78837841495
11641.507488196312
118935.60166729076
57873.85468491378
-66754.17182533504
-44904.217466004506
93411.6053830566
14937.964204888358
129112.15831726321
64085.50100416041
-64437.501041395284
-38049.52843187062
75203.67857878702
14275.024944102364
125671.58377943716
62234.854635660784
-49269.84162836167
-25212.89192374143
83499.7487411821
10530.57100458468
110507.09194625798
57849.71540314983
-49479.587785475655
-15098.770339791574
73161.87193912595
10477.379383466445
110833.40071579005
45908.343464955804
-40368.08414497945
-15746.607097666289
46409.350873562515
2876.2892697180264
67333.36936947654
27650.27244022101
-61776.990464384755
-4599.76221422214
52347.441078907796
9506.634814493216
81370.9313282141
32020.122401880348
-61934.98491780599
-15881.964326550193
52561.92571299027
8731.4718432817
85294.33975896427
40429.83025391216
-53445.073538297635
7336.693555545927
45393.85537882774
-8193.958682515302
75876.71284949307
26708.243629872097
-47725.371356405
-14413.820442521914
44503.656333072766
-6322.023252408453
69763.80512472433
28848.64666957307
-72399.65441272534
-16539.279816938117
45480.30957828838
-635.5664558545092
109484.99103148893
50448.64282967098
-74518.87096838233
-11954.817392238201
41565.74474320542
6.889070432474142
86159.66697197704
40726.28740641224
-88151.46015365978
2912.2783884048004
3789.6902609559706
20488.581087886414
46800.80805512204
33763.76595255235
-55170.69556189565
13307.020915403207
15254.671418514143
17631.279085147977
41627.78109504648
24118.575739052692
-40485.24360499134
5354.765310117608
23327.112037390383
8495.600582194214
37070.163343729335
15399.91907084805
-55882.26156849459
10898.917811459962
17237.99905676386
-1899.455307090738
56760.88345112754
27417.8754972129
-31034.5627450328
-6876.692075473313
25127.984581280285
3101.190744328886
37583.79470664843
20233.011171758102
-30245.39267047683
6384.090895990345
15873.94870326453
9364.858876755936
50021.354839974956
30107.47383947161
-58211.47395424393
8192.883633767522
11143.869942693815
15519.762256150088
48693.286795713095
31964.632777066337
-54111.36931846544
30763.230981274028
33352.738449562035
33455.4700745202
69889.49922852677
45455.96192131686
-66030.08065721675
-7203.70477754117
42952.51675579055
29371.289448882453
81547.93634701261
63797.90889579341
-80803.7199063358
-10748.98660831345
60377.93176499152
39904.46236555001
116534.3634513668
95173.4167653837
-111336.06798987737
-25041.84418214004
69012.26630779983
46498.802230902285
149209.28654176486
122275.98714111488
-105998.6747469235
-29780.909632606006
69872.10959965267
39903.47817553194
143610.4146770506
119797.26727117212
-67599.75608046343
-25020.385852906256
55876.7630984936
27377.76212026818
108101.59469167747
94798.61397203714
-71587.46165660574
-42180.69127851405
71426.84583304595
30068.41916236628
128067.2085862189
112347.36418588815
-67030.91856845749
-38964.27244295665
61132.15170154735
24527.132377688427
112560.932458401
99162.39804683243
-69721.40706258599
-49543.64671069473
68248.06256344268
22675.58903613695
128558.3667666884
107226.3551996809
-58410.068433096414
-31676.989776809194
67342.9585000637
13847.204181386141
116639.61572371487
94770.46111294662
-65239.47412675971
-48608.63867682676
80394.98542192047
14983.242152296556
163189.27458016443
133478.54702139593
-49638.22601093093
-56387.91507055762
77741.06510790154
12758.229894165028
147557.56940186585
119170.65696136806
-79680.61394269776
-61614.901107390666
83312.65106444346
10079.644715536471
164829.48011363228
133900.36120726282
-44003.484118745815
-47891.18553858359
74029.27608535878
7123.94090121021
128571.17285638451
104356.34723055203
-60671.28563341431
-58916.52100274503
80187.4327344852
6165.801969859371
152067.37651742334
126220.7093415554
-59608.37257140927
-86200.67511631685
100398.02816332222
8234.380483847322
234913.4735208828
196402.89969216086
-34183.548507731975
-60437.01788230234
77899.37977474781
2589.5359523230068
138483.30883304504
114011.64605992397
-42250.76165654338
-74763.59964868358
87206.80500536213
565.214013482156
172823.11555462307
145104.42272106468
-36234.570147598395
-88920.75337692551
97744.25516388772
-1941.579711210319
186403.7967573609
161789.90549152624
-47192.714043299646
-96416.79470469044
96715.28573158657
-4149.156641438859
184980.09567935774
161991.5045248987
-48000.76421747596
-92916.12116957529
102059.3094315018
-4818.173094470059
203077.3680580242
177695.95180248775
-32778.04646227611
-108169.718101527
108888.66079751853
-9661.310326753532
225517.10212882748
193940.64570861738
-26989.152072308214
-75260.19939511959
90344.13184699192
-9197.444564522268
163161.3256513508
134835.98102473145
-26937.011781511297
-96533.75318918271
112832.14217401581
-20899.907650563902
225821.08157842117
177136.04733038077
-22345.968962253643
-72820.77140834303
96860.88110902079
-16866.92130043324
175391.45075617114
135763.8780444059
-4610.093454621428
-69035.95171181532
100797.32193255486
-24289.856261351288
189630.2197599944
140895.01482191394
12276.428854335896
-75409.81432633307
111107.62914861656
31543.627288224176
-226601.56137691895
-165385.87236153107
23008.04656177904
-55432.48194230192
98243.72125177001
30207.92185611629
-180105.11299994422
-129772.08220123159
38577.69125201373
-61201.24667470361
94439.8891384524
32494.545214023026
-168589.8835566527
-123256.96679367017
43320.1103018346
-54907.56925714349
92942.17019502343
35511.955105462795
-166619.62255862443
-123599.88859827849
54571.12588402685
-55702.517462137635
87499.06530129968
35878.13744031749
-147833.6815308019
-104758.51238587292
46782.55577652232
-38043.16940174122
86537.69601941142
37333.96919215707
-141168.62790623444
-93517.79801088684
73747.14005638589
-63557.86267714263
101394.87841424628
53402.50215853198
-186937.40817089588
-124139.82495266637
60145.59187500667
-40402.298546310354
93237.97040624509
47119.27174621995
-161481.53152831353
-107036.39706787704
41055.14615266586
-30739.135345222654
84558.73142253152
41547.105058131
-135707.24722001195
-89434.85035409284
58467.526044396516
-18879.184492807854
80857.24231565576
41090.34080868157
-130429.38668062747
-83680.6896651592
67277.47449063417
-15228.662360019054
63743.39227841665
41101.704894573
-121910.60006430982
-76050.17642480783
