154833.37207620355
0.0
0.0
0.0
0.0
0.0
0.0
154833.37207620355
0.0
0.0
0.0
0.0
0.0
0.0
154833.37207620355
0.0
0.0
0.0
0.0
0.0
0.0
154833.37207620355
0.0
0.0
0.0
0.0
0.0
0.0
154833.37207620355
0.0
0.0
0.0
0.0
0.0
0.0
154833.37207620355
134449.09563632822
0.0
0.0
0.0
0.0
0.0
0.0
134449.09563632822
0.0
0.0
0.0
0.0
0.0
0.0
134449.09563632822
0.0
0.0
0.0
0.0
0.0
0.0
134449.09563632822
0.0
0.0
0.0
0.0
0.0
0.0
134449.09563632822
0.0
0.0
0.0
0.0
0.0
0.0
134449.09563632822
170006.67951147
0.0
0.0
0.0
0.0
0.0
0.0
170006.67951147
0.0
0.0
0.0
0.0
0.0
0.0
170006.67951147
0.0
0.0
0.0
0.0
0.0
0.0
170006.67951147
0.0
0.0
0.0
0.0
0.0
0.0
170006.67951147
0.0
0.0
0.0
0.0
0.0
0.0
170006.67951147
76275.26689407174
0.0
0.0
0.0
0.0
0.0
0.0
76275.26689407174
0.0
0.0
0.0
0.0
0.0
0.0
76275.26689407174
0.0
0.0
0.0
0.0
0.0
0.0
76275.26689407174
0.0
0.0
0.0
0.0
0.0
0.0
76275.26689407174
0.0
0.0
0.0
0.0
0.0
0.0
76275.26689407174
80960.6146721213
0.0
0.0
0.0
0.0
0.0
0.0
80960.6146721213
0.0
0.0
0.0
0.0
0.0
0.0
80960.6146721213
0.0
0.0
0.0
0.0
0.0
0.0
80960.6146721213
0.0
0.0
0.0
0.0
0.0
0.0
80960.6146721213
0.0
0.0
0.0
0.0
0.0
0.0
80960.6146721213
88489.37942781865
0.0
0.0
0.0
0.0
0.0
0.0
88489.37942781865
0.0
0.0
0.0
0.0
0.0
0.0
88489.37942781865
0.0
0.0
0.0
0.0
0.0
0.0
88489.37942781865
0.0
0.0
0.0
0.0
0.0
0.0
88489.37942781865
0.0
0.0
0.0
0.0
0.0
0.0
88489.37942781865
84612.76878479485
0.0
0.0
0.0
0.0
0.0
0.0
84612.76878479485
0.0
0.0
0.0
0.0
0.0
0.0
84612.76878479485
0.0
0.0
0.0
0.0
0.0
0.0
84612.76878479485
0.0
0.0
0.0
0.0
0.0
0.0
84612.76878479485
0.0
0.0
0.0
0.0
0.0
0.0
84612.76878479485
96309.1637501715
0.0
0.0
0.0
0.0
0.0
0.0
96309.1637501715
0.0
0.0
0.0
0.0
0.0
0.0
96309.1637501715
0.0
0.0
0.0
0.0
0.0
0.0
96309.1637501715
0.0
0.0
0.0
0.0
0.0
0.0
96309.1637501715
0.0
0.0
0.0
0.0
0.0
0.0
96309.1637501715
120847.23163284826
0.0
0.0
0.0
0.0
0.0
0.0
120847.23163284826
0.0
0.0
0.0
0.0
0.0
0.0
120847.23163284826
0.0
0.0
0.0
0.0
0.0
0.0
120847.23163284826
0.0
0.0
0.0
0.0
0.0
0.0
120847.23163284826
0.0
0.0
0.0
0.0
0.0
0.0
120847.23163284826
110364.29581049888
0.0
0.0
0.0
0.0
0.0
0.0
110364.29581049888
0.0
0.0
0.0
0.0
0.0
0.0
110364.29581049888
0.0
0.0
0.0
0.0
0.0
0.0
110364.29581049888
0.0
0.0
0.0
0.0
0.0
0.0
110364.29581049888
0.0
0.0
0.0
0.0
0.0
0.0
110364.29581049888
79433.80276337497
0.0
0.0
0.0
0.0
0.0
0.0
79433.80276337497
0.0
0.0
0.0
0.0
0.0
0.0
79433.80276337497
0.0
0.0
0.0
0.0
0.0
0.0
79433.80276337497
0.0
0.0
0.0
0.0
0.0
0.0
79433.80276337497
0.0
0.0
0.0
0.0
0.0
0.0
79433.80276337497
93309.47139581903
0.0
0.0
0.0
0.0
0.0
0.0
93309.47139581903
0.0
0.0
0.0
0.0
0.0
0.0
93309.47139581903
0.0
0.0
0.0
0.0
0.0
0.0
93309.47139581903
0.0
0.0
0.0
0.0
0.0
0.0
93309.47139581903
0.0
0.0
0.0
0.0
0.0
0.0
93309.47139581903
99024.19331781213
0.0
0.0
0.0
0.0
0.0
0.0
99024.19331781213
0.0
0.0
0.0
0.0
0.0
0.0
99024.19331781213
0.0
0.0
0.0
0.0
0.0
0.0
99024.19331781213
0.0
0.0
0.0
0.0
0.0
0.0
99024.19331781213
0.0
0.0
0.0
0.0
0.0
0.0
99024.19331781213
72684.16000000002
0.0
0.0
0.0
0.0
0.0
0.0
72684.16000000002
0.0
0.0
0.0
0.0
0.0
0.0
72684.16000000002
0.0
0.0
0.0
0.0
0.0
0.0
72684.16000000002
0.0
0.0
0.0
0.0
0.0
0.0
72684.16000000002
0.0
0.0
0.0
0.0
0.0
0.0
72684.16000000002
88458.01027196417
0.0
0.0
0.0
0.0
0.0
0.0
88458.01027196417
0.0
0.0
0.0
0.0
0.0
0.0
88458.01027196417
0.0
0.0
0.0
0.0
0.0
0.0
88458.01027196417
0.0
0.0
0.0
0.0
0.0
0.0
88458.01027196417
0.0
0.0
0.0
0.0
0.0
0.0
88458.01027196417
98864.64995319043
0.0
0.0
0.0
0.0
0.0
0.0
98864.64995319043
0.0
0.0
0.0
0.0
0.0
0.0
98864.64995319043
0.0
0.0
0.0
0.0
0.0
0.0
98864.64995319043
0.0
0.0
0.0
0.0
0.0
0.0
98864.64995319043
0.0
0.0
0.0
0.0
0.0
0.0
98864.64995319043
81464.46393242931
0.0
0.0
0.0
0.0
0.0
0.0
81464.46393242931
0.0
0.0
0.0
0.0
0.0
0.0
81464.46393242931
0.0
0.0
0.0
0.0
0.0
0.0
81464.46393242931
0.0
0.0
0.0
0.0
0.0
0.0
81464.46393242931
0.0
0.0
0.0
0.0
0.0
0.0
81464.46393242931
106356.2707502166
0.0
0.0
0.0
0.0
0.0
0.0
106356.2707502166
0.0
0.0
0.0
0.0
0.0
0.0
106356.2707502166
0.0
0.0
0.0
0.0
0.0
0.0
106356.2707502166
0.0
0.0
0.0
0.0
0.0
0.0
106356.2707502166
0.0
0.0
0.0
0.0
0.0
0.0
106356.2707502166
139915.1195296074
0.0
0.0
0.0
0.0
0.0
0.0
139915.1195296074
0.0
0.0
0.0
0.0
0.0
0.0
139915.1195296074
0.0
0.0
0.0
0.0
0.0
0.0
139915.1195296074
0.0
0.0
0.0
0.0
0.0
0.0
139915.1195296074
0.0
0.0
0.0
0.0
0.0
0.0
139915.1195296074
97854.0752184187
0.0
0.0
0.0
0.0
0.0
0.0
97854.0752184187
0.0
0.0
0.0
0.0
0.0
0.0
97854.0752184187
0.0
0.0
0.0
0.0
0.0
0.0
97854.0752184187
0.0
0.0
0.0
0.0
0.0
0.0
97854.0752184187
0.0
0.0
0.0
0.0
0.0
0.0
97854.0752184187
104395.10469088083
0.0
0.0
0.0
0.0
0.0
0.0
104395.10469088083
0.0
0.0
0.0
0.0
0.0
0.0
104395.10469088083
0.0
0.0
0.0
0.0
0.0
0.0
104395.10469088083
0.0
0.0
0.0
0.0
0.0
0.0
104395.10469088083
0.0
0.0
0.0
0.0
0.0
0.0
104395.10469088083
99295.814835752
0.0
0.0
0.0
0.0
0.0
0.0
99295.814835752
0.0
0.0
0.0
0.0
0.0
0.0
99295.814835752
0.0
0.0
0.0
0.0
0.0
0.0
99295.814835752
0.0
0.0
0.0
0.0
0.0
0.0
99295.814835752
0.0
0.0
0.0
0.0
0.0
0.0
99295.814835752
95014.28088578973
0.0
0.0
0.0
0.0
0.0
0.0
95014.28088578973
0.0
0.0
0.0
0.0
0.0
0.0
95014.28088578973
0.0
0.0
0.0
0.0
0.0
0.0
95014.28088578973
0.0
0.0
0.0
0.0
0.0
0.0
95014.28088578973
0.0
0.0
0.0
0.0
0.0
0.0
95014.28088578973
111871.84203826825
0.0
0.0
0.0
0.0
0.0
0.0
111871.84203826825
0.0
0.0
0.0
0.0
0.0
0.0
111871.84203826825
0.0
0.0
0.0
0.0
0.0
0.0
111871.84203826825
0.0
0.0
0.0
0.0
0.0
0.0
111871.84203826825
0.0
0.0
0.0
0.0
0.0
0.0
111871.84203826825
115752.62306529871
0.0
0.0
0.0
0.0
0.0
0.0
115752.62306529871
0.0
0.0
0.0
0.0
0.0
0.0
115752.62306529871
0.0
0.0
0.0
0.0
0.0
0.0
115752.62306529871
0.0
0.0
0.0
0.0
0.0
0.0
115752.62306529871
0.0
0.0
0.0
0.0
0.0
0.0
115752.62306529871
84399.0551275087
0.0
0.0
0.0
0.0
0.0
0.0
84399.0551275087
0.0
0.0
0.0
0.0
0.0
0.0
84399.0551275087
0.0
0.0
0.0
0.0
0.0
0.0
84399.0551275087
0.0
0.0
0.0
0.0
0.0
0.0
84399.0551275087
0.0
0.0
0.0
0.0
0.0
0.0
84399.0551275087
97392.85996824437
0.0
0.0
0.0
0.0
0.0
0.0
97392.85996824437
0.0
0.0
0.0
0.0
0.0
0.0
97392.85996824437
0.0
0.0
0.0
0.0
0.0
0.0
97392.85996824437
0.0
0.0
0.0
0.0
0.0
0.0
97392.85996824437
0.0
0.0
0.0
0.0
0.0
0.0
97392.85996824437
133986.1888675722
0.0
0.0
0.0
0.0
0.0
0.0
133986.1888675722
0.0
0.0
0.0
0.0
0.0
0.0
133986.1888675722
0.0
0.0
0.0
0.0
0.0
0.0
133986.1888675722
0.0
0.0
0.0
0.0
0.0
0.0
133986.1888675722
0.0
0.0
0.0
0.0
0.0
0.0
133986.1888675722
105406.3098145301
0.0
0.0
0.0
0.0
0.0
0.0
105406.3098145301
0.0
0.0
0.0
0.0
0.0
0.0
105406.3098145301
0.0
0.0
0.0
0.0
0.0
0.0
105406.3098145301
0.0
0.0
0.0
0.0
0.0
0.0
105406.3098145301
0.0
0.0
0.0
0.0
0.0
0.0
105406.3098145301
99950.58869894301
0.0
0.0
0.0
0.0
0.0
0.0
99950.58869894301
0.0
0.0
0.0
0.0
0.0
0.0
99950.58869894301
0.0
0.0
0.0
0.0
0.0
0.0
99950.58869894301
0.0
0.0
0.0
0.0
0.0
0.0
99950.58869894301
0.0
0.0
0.0
0.0
0.0
0.0
99950.58869894301
90545.82213233037
0.0
0.0
0.0
0.0
0.0
0.0
90545.82213233037
0.0
0.0
0.0
0.0
0.0
0.0
90545.82213233037
0.0
0.0
0.0
0.0
0.0
0.0
90545.82213233037
0.0
0.0
0.0
0.0
0.0
0.0
90545.82213233037
0.0
0.0
0.0
0.0
0.0
0.0
90545.82213233037
103614.34413665108
0.0
0.0
0.0
0.0
0.0
0.0
103614.34413665108
0.0
0.0
0.0
0.0
0.0
0.0
103614.34413665108
0.0
0.0
0.0
0.0
0.0
0.0
103614.34413665108
0.0
0.0
0.0
0.0
0.0
0.0
103614.34413665108
0.0
0.0
0.0
0.0
0.0
0.0
103614.34413665108
112640.09375801063
0.0
0.0
0.0
0.0
0.0
0.0
112640.09375801063
0.0
0.0
0.0
0.0
0.0
0.0
112640.09375801063
0.0
0.0
0.0
0.0
0.0
0.0
112640.09375801063
0.0
0.0
0.0
0.0
0.0
0.0
112640.09375801063
0.0
0.0
0.0
0.0
0.0
0.0
112640.09375801063
121786.50637083303
0.0
0.0
0.0
0.0
0.0
0.0
121786.50637083303
0.0
0.0
0.0
0.0
0.0
0.0
121786.50637083303
0.0
0.0
0.0
0.0
0.0
0.0
121786.50637083303
0.0
0.0
0.0
0.0
0.0
0.0
121786.50637083303
0.0
0.0
0.0
0.0
0.0
0.0
121786.50637083303
139163.15469851773
0.0
0.0
0.0
0.0
0.0
0.0
139163.15469851773
0.0
0.0
0.0
0.0
0.0
0.0
139163.15469851773
0.0
0.0
0.0
0.0
0.0
0.0
139163.15469851773
0.0
0.0
0.0
0.0
0.0
0.0
139163.15469851773
0.0
0.0
0.0
0.0
0.0
0.0
139163.15469851773
115613.38446488939
0.0
0.0
0.0
0.0
0.0
0.0
115613.38446488939
0.0
0.0
0.0
0.0
0.0
0.0
115613.38446488939
0.0
0.0
0.0
0.0
0.0
0.0
115613.38446488939
0.0
0.0
0.0
0.0
0.0
0.0
115613.38446488939
0.0
0.0
0.0
0.0
0.0
0.0
115613.38446488939
152259.62009781032
0.0
0.0
0.0
0.0
0.0
0.0
152259.62009781032
0.0
0.0
0.0
0.0
0.0
0.0
152259.62009781032
0.0
0.0
0.0
0.0
0.0
0.0
152259.62009781032
0.0
0.0
0.0
0.0
0.0
0.0
152259.62009781032
0.0
0.0
0.0
0.0
0.0
0.0
152259.62009781032
103727.31519855862
0.0
0.0
0.0
0.0
0.0
0.0
103727.31519855862
0.0
0.0
0.0
0.0
0.0
0.0
103727.31519855862
0.0
0.0
0.0
0.0
0.0
0.0
103727.31519855862
0.0
0.0
0.0
0.0
0.0
0.0
103727.31519855862
0.0
0.0
0.0
0.0
0.0
0.0
103727.31519855862
215029.21711809366
0.0
0.0
0.0
0.0
0.0
0.0
215029.21711809366
0.0
0.0
0.0
0.0
0.0
0.0
215029.21711809366
0.0
0.0
0.0
0.0
0.0
0.0
215029.21711809366
0.0
0.0
0.0
0.0
0.0
0.0
215029.21711809366
0.0
0.0
0.0
0.0
0.0
0.0
215029.21711809366
92986.65309761348
0.0
0.0
0.0
0.0
0.0
0.0
92986.65309761348
0.0
0.0
0.0
0.0
0.0
0.0
92986.65309761348
0.0
0.0
0.0
0.0
0.0
0.0
92986.65309761348
0.0
0.0
0.0
0.0
0.0
0.0
92986.65309761348
0.0
0.0
0.0
0.0
0.0
0.0
92986.65309761348
116140.33976846676
0.0
0.0
0.0
0.0
0.0
0.0
116140.33976846676
0.0
0.0
0.0
0.0
0.0
0.0
116140.33976846676
0.0
0.0
0.0
0.0
0.0
0.0
116140.33976846676
0.0
0.0
0.0
0.0
0.0
0.0
116140.33976846676
0.0
0.0
0.0
0.0
0.0
0.0
116140.33976846676
117949.0527636146
0.0
0.0
0.0
0.0
0.0
0.0
117949.0527636146
0.0
0.0
0.0
0.0
0.0
0.0
117949.0527636146
0.0
0.0
0.0
0.0
0.0
0.0
117949.0527636146
0.0
0.0
0.0
0.0
0.0
0.0
117949.0527636146
0.0
0.0
0.0
0.0
0.0
0.0
117949.0527636146
196393.0633398205
0.0
0.0
0.0
0.0
0.0
0.0
196393.0633398205
0.0
0.0
0.0
0.0
0.0
0.0
196393.0633398205
0.0
0.0
0.0
0.0
0.0
0.0
196393.0633398205
0.0
0.0
0.0
0.0
0.0
0.0
196393.0633398205
0.0
0.0
0.0
0.0
0.0
0.0
196393.0633398205
195196.73737243583
0.0
0.0
0.0
0.0
0.0
0.0
195196.73737243583
0.0
0.0
0.0
0.0
0.0
0.0
195196.73737243583
0.0
0.0
0.0
0.0
0.0
0.0
195196.73737243583
0.0
0.0
0.0
0.0
0.0
0.0
195196.73737243583
0.0
0.0
0.0
0.0
0.0
0.0
195196.73737243583
135656.9662720666
0.0
0.0
0.0
0.0
0.0
0.0
135656.9662720666
0.0
0.0
0.0
0.0
0.0
0.0
135656.9662720666
0.0
0.0
0.0
0.0
0.0
0.0
135656.9662720666
0.0
0.0
0.0
0.0
0.0
0.0
135656.9662720666
0.0
0.0
0.0
0.0
0.0
0.0
135656.9662720666
168237.92634697986
0.0
0.0
0.0
0.0
0.0
0.0
168237.92634697986
0.0
0.0
0.0
0.0
0.0
0.0
168237.92634697986
0.0
0.0
0.0
0.0
0.0
0.0
168237.92634697986
0.0
0.0
0.0
0.0
0.0
0.0
168237.92634697986
0.0
0.0
0.0
0.0
0.0
0.0
168237.92634697986
150307.69503763135
0.0
0.0
0.0
0.0
0.0
0.0
150307.69503763135
0.0
0.0
0.0
0.0
0.0
0.0
150307.69503763135
0.0
0.0
0.0
0.0
0.0
0.0
150307.69503763135
0.0
0.0
0.0
0.0
0.0
0.0
150307.69503763135
0.0
0.0
0.0
0.0
0.0
0.0
150307.69503763135
181593.1227200214
0.0
0.0
0.0
0.0
0.0
0.0
181593.1227200214
0.0
0.0
0.0
0.0
0.0
0.0
181593.1227200214
0.0
0.0
0.0
0.0
0.0
0.0
181593.1227200214
0.0
0.0
0.0
0.0
0.0
0.0
181593.1227200214
0.0
0.0
0.0
0.0
0.0
0.0
181593.1227200214
142652.58556676295
0.0
0.0
0.0
0.0
0.0
0.0
142652.58556676295
0.0
0.0
0.0
0.0
0.0
0.0
142652.58556676295
0.0
0.0
0.0
0.0
0.0
0.0
142652.58556676295
0.0
0.0
0.0
0.0
0.0
0.0
142652.58556676295
0.0
0.0
0.0
0.0
0.0
0.0
142652.58556676295
133892.72163893445
0.0
0.0
0.0
0.0
0.0
0.0
133892.72163893445
0.0
0.0
0.0
0.0
0.0
0.0
133892.72163893445
0.0
0.0
0.0
0.0
0.0
0.0
133892.72163893445
0.0
0.0
0.0
0.0
0.0
0.0
133892.72163893445
0.0
0.0
0.0
0.0
0.0
0.0
133892.72163893445
105893.0863449561
0.0
0.0
0.0
0.0
0.0
0.0
105893.0863449561
0.0
0.0
0.0
0.0
0.0
0.0
105893.0863449561
0.0
0.0
0.0
0.0
0.0
0.0
105893.0863449561
0.0
0.0
0.0
0.0
0.0
0.0
105893.0863449561
0.0
0.0
0.0
0.0
0.0
0.0
105893.0863449561
89070.86844452687
0.0
0.0
0.0
0.0
0.0
0.0
89070.86844452687
0.0
0.0
0.0
0.0
0.0
0.0
89070.86844452687
0.0
0.0
0.0
0.0
0.0
0.0
89070.86844452687
0.0
0.0
0.0
0.0
0.0
0.0
89070.86844452687
0.0
0.0
0.0
0.0
0.0
0.0
89070.86844452687
80490.3554258693
0.0
0.0
0.0
0.0
0.0
0.0
80490.3554258693
0.0
0.0
0.0
0.0
0.0
0.0
80490.3554258693
0.0
0.0
0.0
0.0
0.0
0.0
80490.3554258693
0.0
0.0
0.0
0.0
0.0
0.0
80490.3554258693
0.0
0.0
0.0
0.0
0.0
0.0
80490.3554258693
72684.15999999995
0.0
0.0
0.0
0.0
0.0
0.0
72684.15999999995
0.0
0.0
0.0
0.0
0.0
0.0
72684.15999999995
0.0
0.0
0.0
0.0
0.0
0.0
72684.15999999995
0.0
0.0
0.0
0.0
0.0
0.0
72684.15999999995
0.0
0.0
0.0
0.0
0.0
0.0
72684.15999999995
75660.92960913372
0.0
0.0
0.0
0.0
0.0
0.0
75660.92960913372
0.0
0.0
0.0
0.0
0.0
0.0
75660.92960913372
0.0
0.0
0.0
0.0
0.0
0.0
75660.92960913372
0.0
0.0
0.0
0.0
0.0
0.0
75660.92960913372
0.0
0.0
0.0
0.0
0.0
0.0
75660.92960913372
72684.16000000002
0.0
0.0
0.0
0.0
0.0
0.0
72684.16000000002
0.0
0.0
0.0
0.0
0.0
0.0
72684.16000000002
0.0
0.0
0.0
0.0
0.0
0.0
72684.16000000002
0.0
0.0
0.0
0.0
0.0
0.0
72684.16000000002
0.0
0.0
0.0
0.0
0.0
0.0
72684.16000000002
72684.15999999997
0.0
0.0
0.0
0.0
0.0
0.0
72684.15999999997
0.0
0.0
0.0
0.0
0.0
0.0
72684.15999999997
0.0
0.0
0.0
0.0
0.0
0.0
72684.15999999997
0.0
0.0
0.0
0.0
0.0
0.0
72684.15999999997
0.0
0.0
0.0
0.0
0.0
0.0
72684.15999999997
72684.16000000008
0.0
0.0
0.0
0.0
0.0
0.0
72684.16000000008
0.0
0.0
0.0
0.0
0.0
0.0
72684.16000000008
0.0
0.0
0.0
0.0
0.0
0.0
72684.16000000008
0.0
0.0
0.0
0.0
0.0
0.0
72684.16000000008
0.0
0.0
0.0
0.0
0.0
0.0
72684.16000000008
77459.63787548884
0.0
0.0
0.0
0.0
0.0
0.0
77459.63787548884
0.0
0.0
0.0
0.0
0.0
0.0
77459.63787548884
0.0
0.0
0.0
0.0
0.0
0.0
77459.63787548884
0.0
0.0
0.0
0.0
0.0
0.0
77459.63787548884
0.0
0.0
0.0
0.0
0.0
0.0
77459.63787548884
72684.16000000002
0.0
0.0
0.0
0.0
0.0
0.0
72684.16000000002
0.0
0.0
0.0
0.0
0.0
0.0
72684.16000000002
0.0
0.0
0.0
0.0
0.0
0.0
72684.16000000002
0.0
0.0
0.0
0.0
0.0
0.0
72684.16000000002
0.0
0.0
0.0
0.0
0.0
0.0
72684.16000000002
72684.16000000002
0.0
0.0
0.0
0.0
0.0
0.0
72684.16000000002
0.0
0.0
0.0
0.0
0.0
0.0
72684.16000000002
0.0
0.0
0.0
0.0
0.0
0.0
72684.16000000002
0.0
0.0
0.0
0.0
0.0
0.0
72684.16000000002
0.0
0.0
0.0
0.0
0.0
0.0
72684.16000000002
73113.73066836328
0.0
0.0
0.0
0.0
0.0
0.0
73113.73066836328
0.0
0.0
0.0
0.0
0.0
0.0
73113.73066836328
0.0
0.0
0.0
0.0
0.0
0.0
73113.73066836328
0.0
0.0
0.0
0.0
0.0
0.0
73113.73066836328
0.0
0.0
0.0
0.0
0.0
0.0
73113.73066836328
88240.89750464806
0.0
0.0
0.0
0.0
0.0
0.0
88240.89750464806
0.0
0.0
0.0
0.0
0.0
0.0
88240.89750464806
0.0
0.0
0.0
0.0
0.0
0.0
88240.89750464806
0.0
0.0
0.0
0.0
0.0
0.0
88240.89750464806
0.0
0.0
0.0
0.0
0.0
0.0
88240.89750464806
153896.5542043484
0.0
0.0
0.0
0.0
0.0
0.0
153896.5542043484
0.0
0.0
0.0
0.0
0.0
0.0
153896.5542043484
0.0
0.0
0.0
0.0
0.0
0.0
153896.5542043484
0.0
0.0
0.0
0.0
0.0
0.0
153896.5542043484
0.0
0.0
0.0
0.0
0.0
0.0
153896.5542043484
105106.95523348756
0.0
0.0
0.0
0.0
0.0
0.0
105106.95523348756
0.0
0.0
0.0
0.0
0.0
0.0
105106.95523348756
0.0
0.0
0.0
0.0
0.0
0.0
105106.95523348756
0.0
0.0
0.0
0.0
0.0
0.0
105106.95523348756
0.0
0.0
0.0
0.0
0.0
0.0
105106.95523348756
76349.09773839312
0.0
0.0
0.0
0.0
0.0
0.0
76349.09773839312
0.0
0.0
0.0
0.0
0.0
0.0
76349.09773839312
0.0
0.0
0.0
0.0
0.0
0.0
76349.09773839312
0.0
0.0
0.0
0.0
0.0
0.0
76349.09773839312
0.0
0.0
0.0
0.0
0.0
0.0
76349.09773839312
100147.54736795298
0.0
0.0
0.0
0.0
0.0
0.0
100147.54736795298
0.0
0.0
0.0
0.0
0.0
0.0
100147.54736795298
0.0
0.0
0.0
0.0
0.0
0.0
100147.54736795298
0.0
0.0
0.0
0.0
0.0
0.0
100147.54736795298
0.0
0.0
0.0
0.0
0.0
0.0
100147.54736795298
94062.10693063802
0.0
0.0
0.0
0.0
0.0
0.0
94062.10693063802
0.0
0.0
0.0
0.0
0.0
0.0
94062.10693063802
0.0
0.0
0.0
0.0
0.0
0.0
94062.10693063802
0.0
0.0
0.0
0.0
0.0
0.0
94062.10693063802
0.0
0.0
0.0
0.0
0.0
0.0
94062.10693063802
124602.32370766911
0.0
0.0
0.0
0.0
0.0
0.0
124602.32370766911
0.0
0.0
0.0
0.0
0.0
0.0
124602.32370766911
0.0
0.0
0.0
0.0
0.0
0.0
124602.32370766911
0.0
0.0
0.0
0.0
0.0
0.0
124602.32370766911
0.0
0.0
0.0
0.0
0.0
0.0
124602.32370766911
72684.15999999995
0.0
0.0
0.0
0.0
0.0
0.0
72684.15999999995
0.0
0.0
0.0
0.0
0.0
0.0
72684.15999999995
0.0
0.0
0.0
0.0
0.0
0.0
72684.15999999995
0.0
0.0
0.0
0.0
0.0
0.0
72684.15999999995
0.0
0.0
0.0
0.0
0.0
0.0
72684.15999999995
80120.46224701172
0.0
0.0
0.0
0.0
0.0
0.0
80120.46224701172
0.0
0.0
0.0
0.0
0.0
0.0
80120.46224701172
0.0
0.0
0.0
0.0
0.0
0.0
80120.46224701172
0.0
0.0
0.0
0.0
0.0
0.0
80120.46224701172
0.0
0.0
0.0
0.0
0.0
0.0
80120.46224701172
79414.46492134419
0.0
0.0
0.0
0.0
0.0
0.0
79414.46492134419
0.0
0.0
0.0
0.0
0.0
0.0
79414.46492134419
0.0
0.0
0.0
0.0
0.0
0.0
79414.46492134419
0.0
0.0
0.0
0.0
0.0
0.0
79414.46492134419
0.0
0.0
0.0
0.0
0.0
0.0
79414.46492134419
72684.16000000008
0.0
0.0
0.0
0.0
0.0
0.0
72684.16000000008
0.0
0.0
0.0
0.0
0.0
0.0
72684.16000000008
0.0
0.0
0.0
0.0
0.0
0.0
72684.16000000008
0.0
0.0
0.0
0.0
0.0
0.0
72684.16000000008
0.0
0.0
0.0
0.0
0.0
0.0
72684.16000000008
77631.31392395344
0.0
0.0
0.0
0.0
0.0
0.0
77631.31392395344
0.0
0.0
0.0
0.0
0.0
0.0
77631.31392395344
0.0
0.0
0.0
0.0
0.0
0.0
77631.31392395344
0.0
0.0
0.0
0.0
0.0
0.0
77631.31392395344
0.0
0.0
0.0
0.0
0.0
0.0
77631.31392395344
53521.6200592097
0.0
0.0
0.0
0.0
0.0
0.0
53521.6200592097
0.0
0.0
0.0
0.0
0.0
0.0
53521.6200592097
0.0
0.0
0.0
0.0
0.0
0.0
53521.6200592097
0.0
0.0
0.0
0.0
0.0
0.0
53521.6200592097
0.0
0.0
0.0
0.0
0.0
0.0
53521.6200592097
69734.53525937308
0.0
0.0
0.0
0.0
0.0
0.0
69734.53525937308
0.0
0.0
0.0
0.0
0.0
0.0
69734.53525937308
0.0
0.0
0.0
0.0
0.0
0.0
69734.53525937308
0.0
0.0
0.0
0.0
0.0
0.0
69734.53525937308
0.0
0.0
0.0
0.0
0.0
0.0
69734.53525937308
77241.52038845053
0.0
0.0
0.0
0.0
0.0
0.0
77241.52038845053
0.0
0.0
0.0
0.0
0.0
0.0
77241.52038845053
0.0
0.0
0.0
0.0
0.0
0.0
77241.52038845053
0.0
0.0
0.0
0.0
0.0
0.0
77241.52038845053
0.0
0.0
0.0
0.0
0.0
0.0
77241.52038845053
78906.19702908558
0.0
0.0
0.0
0.0
0.0
0.0
78906.19702908558
0.0
0.0
0.0
0.0
0.0
0.0
78906.19702908558
0.0
0.0
0.0
0.0
0.0
0.0
78906.19702908558
0.0
0.0
0.0
0.0
0.0
0.0
78906.19702908558
0.0
0.0
0.0
0.0
0.0
0.0
78906.19702908558
72684.16000000005
0.0
0.0
0.0
0.0
0.0
0.0
72684.16000000005
0.0
0.0
0.0
0.0
0.0
0.0
72684.16000000005
0.0
0.0
0.0
0.0
0.0
0.0
72684.16000000005
0.0
0.0
0.0
0.0
0.0
0.0
72684.16000000005
0.0
0.0
0.0
0.0
0.0
0.0
72684.16000000005
115314.98171065345
0.0
0.0
0.0
0.0
0.0
0.0
115314.98171065345
0.0
0.0
0.0
0.0
0.0
0.0
115314.98171065345
0.0
0.0
0.0
0.0
0.0
0.0
115314.98171065345
0.0
0.0
0.0
0.0
0.0
0.0
115314.98171065345
0.0
0.0
0.0
0.0
0.0
0.0
115314.98171065345
95773.2087695197
0.0
0.0
0.0
0.0
0.0
0.0
95773.2087695197
0.0
0.0
0.0
0.0
0.0
0.0
95773.2087695197
0.0
0.0
0.0
0.0
0.0
0.0
95773.2087695197
0.0
0.0
0.0
0.0
0.0
0.0
95773.2087695197
0.0
0.0
0.0
0.0
0.0
0.0
95773.2087695197
123025.27261225722
0.0
0.0
0.0
0.0
0.0
0.0
123025.27261225722
0.0
0.0
0.0
0.0
0.0
0.0
123025.27261225722
0.0
0.0
0.0
0.0
0.0
0.0
123025.27261225722
0.0
0.0
0.0
0.0
0.0
0.0
123025.27261225722
0.0
0.0
0.0
0.0
0.0
0.0
123025.27261225722
102057.85465332915
0.0
0.0
0.0
0.0
0.0
0.0
102057.85465332915
0.0
0.0
0.0
0.0
0.0
0.0
102057.85465332915
0.0
0.0
0.0
0.0
0.0
0.0
102057.85465332915
0.0
0.0
0.0
0.0
0.0
0.0
102057.85465332915
0.0
0.0
0.0
0.0
0.0
0.0
102057.85465332915
77136.03993396483
0.0
0.0
0.0
0.0
0.0
0.0
77136.03993396483
0.0
0.0
0.0
0.0
0.0
0.0
77136.03993396483
0.0
0.0
0.0
0.0
0.0
0.0
77136.03993396483
0.0
0.0
0.0
0.0
0.0
0.0
77136.03993396483
0.0
0.0
0.0
0.0
0.0
0.0
77136.03993396483
111213.80866885922
0.0
0.0
0.0
0.0
0.0
0.0
111213.80866885922
0.0
0.0
0.0
0.0
0.0
0.0
111213.80866885922
0.0
0.0
0.0
0.0
0.0
0.0
111213.80866885922
0.0
0.0
0.0
0.0
0.0
0.0
111213.80866885922
0.0
0.0
0.0
0.0
0.0
0.0
111213.80866885922
72684.15999999997
0.0
0.0
0.0
0.0
0.0
0.0
72684.15999999997
0.0
0.0
0.0
0.0
0.0
0.0
72684.15999999997
0.0
0.0
0.0
0.0
0.0
0.0
72684.15999999997
0.0
0.0
0.0
0.0
0.0
0.0
72684.15999999997
0.0
0.0
0.0
0.0
0.0
0.0
72684.15999999997
107250.44155375064
0.0
0.0
0.0
0.0
0.0
0.0
107250.44155375064
0.0
0.0
0.0
0.0
0.0
0.0
107250.44155375064
0.0
0.0
0.0
0.0
0.0
0.0
107250.44155375064
0.0
0.0
0.0
0.0
0.0
0.0
107250.44155375064
0.0
0.0
0.0
0.0
0.0
0.0
107250.44155375064
116590.47900937365
0.0
0.0
0.0
0.0
0.0
0.0
116590.47900937365
0.0
0.0
0.0
0.0
0.0
0.0
116590.47900937365
0.0
0.0
0.0
0.0
0.0
0.0
116590.47900937365
0.0
0.0
0.0
0.0
0.0
0.0
116590.47900937365
0.0
0.0
0.0
0.0
0.0
0.0
116590.47900937365
102992.0187719535
0.0
0.0
0.0
0.0
0.0
0.0
102992.0187719535
0.0
0.0
0.0
0.0
0.0
0.0
102992.0187719535
0.0
0.0
0.0
0.0
0.0
0.0
102992.0187719535
0.0
0.0
0.0
0.0
0.0
0.0
102992.0187719535
0.0
0.0
0.0
0.0
0.0
0.0
102992.0187719535
78328.66133787484
0.0
0.0
0.0
0.0
0.0
0.0
78328.66133787484
0.0
0.0
0.0
0.0
0.0
0.0
78328.66133787484
0.0
0.0
0.0
0.0
0.0
0.0
78328.66133787484
0.0
0.0
0.0
0.0
0.0
0.0
78328.66133787484
0.0
0.0
0.0
0.0
0.0
0.0
78328.66133787484
108435.2767075831
0.0
0.0
0.0
0.0
0.0
0.0
108435.2767075831
0.0
0.0
0.0
0.0
0.0
0.0
108435.2767075831
0.0
0.0
0.0
0.0
0.0
0.0
108435.2767075831
0.0
0.0
0.0
0.0
0.0
0.0
108435.2767075831
0.0
0.0
0.0
0.0
0.0
0.0
108435.2767075831
130031.0483042746
0.0
0.0
0.0
0.0
0.0
0.0
130031.0483042746
0.0
0.0
0.0
0.0
0.0
0.0
130031.0483042746
0.0
0.0
0.0
0.0
0.0
0.0
130031.0483042746
0.0
0.0
0.0
0.0
0.0
0.0
130031.0483042746
0.0
0.0
0.0
0.0
0.0
0.0
130031.0483042746
120866.31905110936
0.0
0.0
0.0
0.0
0.0
0.0
120866.31905110936
0.0
0.0
0.0
0.0
0.0
0.0
120866.31905110936
0.0
0.0
0.0
0.0
0.0
0.0
120866.31905110936
0.0
0.0
0.0
0.0
0.0
0.0
120866.31905110936
0.0
0.0
0.0
0.0
0.0
0.0
120866.31905110936
87136.90761286601
0.0
0.0
0.0
0.0
0.0
0.0
87136.90761286601
0.0
0.0
0.0
0.0
0.0
0.0
87136.90761286601
0.0
0.0
0.0
0.0
0.0
0.0
87136.90761286601
0.0
0.0
0.0
0.0
0.0
0.0
87136.90761286601
0.0
0.0
0.0
0.0
0.0
0.0
87136.90761286601
97490.04045064104
0.0
0.0
0.0
0.0
0.0
0.0
97490.04045064104
0.0
0.0
0.0
0.0
0.0
0.0
97490.04045064104
0.0
0.0
0.0
0.0
0.0
0.0
97490.04045064104
0.0
0.0
0.0
0.0
0.0
0.0
97490.04045064104
0.0
0.0
0.0
0.0
0.0
0.0
97490.04045064104
81928.0000698022
0.0
0.0
0.0
0.0
0.0
0.0
81928.0000698022
0.0
0.0
0.0
0.0
0.0
0.0
81928.0000698022
0.0
0.0
0.0
0.0
0.0
0.0
81928.0000698022
0.0
0.0
0.0
0.0
0.0
0.0
81928.0000698022
0.0
0.0
0.0
0.0
0.0
0.0
81928.0000698022
86736.9034300967
0.0
0.0
0.0
0.0
0.0
0.0
86736.9034300967
0.0
0.0
0.0
0.0
0.0
0.0
86736.9034300967
0.0
0.0
0.0
0.0
0.0
0.0
86736.9034300967
0.0
0.0
0.0
0.0
0.0
0.0
86736.9034300967
0.0
0.0
0.0
0.0
0.0
0.0
86736.9034300967
74590.9723908543
0.0
0.0
0.0
0.0
0.0
0.0
74590.9723908543
0.0
0.0
0.0
0.0
0.0
0.0
74590.9723908543
0.0
0.0
0.0
0.0
0.0
0.0
74590.9723908543
0.0
0.0
0.0
0.0
0.0
0.0
74590.9723908543
0.0
0.0
0.0
0.0
0.0
0.0
74590.9723908543
99650.79310432872
0.0
0.0
0.0
0.0
0.0
0.0
99650.79310432872
0.0
0.0
0.0
0.0
0.0
0.0
99650.79310432872
0.0
0.0
0.0
0.0
0.0
0.0
99650.79310432872
0.0
0.0
0.0
0.0
0.0
0.0
99650.79310432872
0.0
0.0
0.0
0.0
0.0
0.0
99650.79310432872
88366.76696289837
0.0
0.0
0.0
0.0
0.0
0.0
88366.76696289837
0.0
0.0
0.0
0.0
0.0
0.0
88366.76696289837
0.0
0.0
0.0
0.0
0.0
0.0
88366.76696289837
0.0
0.0
0.0
0.0
0.0
0.0
88366.76696289837
0.0
0.0
0.0
0.0
0.0
0.0
88366.76696289837
95160.65861327769
0.0
0.0
0.0
0.0
0.0
0.0
95160.65861327769
0.0
0.0
0.0
0.0
0.0
0.0
95160.65861327769
0.0
0.0
0.0
0.0
0.0
0.0
95160.65861327769
0.0
0.0
0.0
0.0
0.0
0.0
95160.65861327769
0.0
0.0
0.0
0.0
0.0
0.0
95160.65861327769
72911.85436833244
0.0
0.0
0.0
0.0
0.0
0.0
72911.85436833244
0.0
0.0
0.0
0.0
0.0
0.0
72911.85436833244
0.0
0.0
0.0
0.0
0.0
0.0
72911.85436833244
0.0
0.0
0.0
0.0
0.0
0.0
72911.85436833244
0.0
0.0
0.0
0.0
0.0
0.0
72911.85436833244
85586.96697198351
0.0
0.0
0.0
0.0
0.0
0.0
85586.96697198351
0.0
0.0
0.0
0.0
0.0
0.0
85586.96697198351
0.0
0.0
0.0
0.0
0.0
0.0
85586.96697198351
0.0
0.0
0.0
0.0
0.0
0.0
85586.96697198351
0.0
0.0
0.0
0.0
0.0
0.0
85586.96697198351
130610.83769525579
0.0
0.0
0.0
0.0
0.0
0.0
130610.83769525579
0.0
0.0
0.0
0.0
0.0
0.0
130610.83769525579
0.0
0.0
0.0
0.0
0.0
0.0
130610.83769525579
0.0
0.0
0.0
0.0
0.0
0.0
130610.83769525579
0.0
0.0
0.0
0.0
0.0
0.0
130610.83769525579
73453.11333931447
0.0
0.0
0.0
0.0
0.0
0.0
73453.11333931447
0.0
0.0
0.0
0.0
0.0
0.0
73453.11333931447
0.0
0.0
0.0
0.0
0.0
0.0
73453.11333931447
0.0
0.0
0.0
0.0
0.0
0.0
73453.11333931447
0.0
0.0
0.0
0.0
0.0
0.0
73453.11333931447
90018.57226402088
0.0
0.0
0.0
0.0
0.0
0.0
90018.57226402088
0.0
0.0
0.0
0.0
0.0
0.0
90018.57226402088
0.0
0.0
0.0
0.0
0.0
0.0
90018.57226402088
0.0
0.0
0.0
0.0
0.0
0.0
90018.57226402088
0.0
0.0
0.0
0.0
0.0
0.0
90018.57226402088
94981.93990041298
0.0
0.0
0.0
0.0
0.0
0.0
94981.93990041298
0.0
0.0
0.0
0.0
0.0
0.0
94981.93990041298
0.0
0.0
0.0
0.0
0.0
0.0
94981.93990041298
0.0
0.0
0.0
0.0
0.0
0.0
94981.93990041298
0.0
0.0
0.0
0.0
0.0
0.0
94981.93990041298
93019.54790366108
0.0
0.0
0.0
0.0
0.0
0.0
93019.54790366108
0.0
0.0
0.0
0.0
0.0
0.0
93019.54790366108
0.0
0.0
0.0
0.0
0.0
0.0
93019.54790366108
0.0
0.0
0.0
0.0
0.0
0.0
93019.54790366108
0.0
0.0
0.0
0.0
0.0
0.0
93019.54790366108
101770.44659527163
0.0
0.0
0.0
0.0
0.0
0.0
101770.44659527163
0.0
0.0
0.0
0.0
0.0
0.0
101770.44659527163
0.0
0.0
0.0
0.0
0.0
0.0
101770.44659527163
0.0
0.0
0.0
0.0
0.0
0.0
101770.44659527163
0.0
0.0
0.0
0.0
0.0
0.0
101770.44659527163
108538.39596868219
0.0
0.0
0.0
0.0
0.0
0.0
108538.39596868219
0.0
0.0
0.0
0.0
0.0
0.0
108538.39596868219
0.0
0.0
0.0
0.0
0.0
0.0
108538.39596868219
0.0
0.0
0.0
0.0
0.0
0.0
108538.39596868219
0.0
0.0
0.0
0.0
0.0
0.0
108538.39596868219
74337.55725762685
0.0
0.0
0.0
0.0
0.0
0.0
74337.55725762685
0.0
0.0
0.0
0.0
0.0
0.0
74337.55725762685
0.0
0.0
0.0
0.0
0.0
0.0
74337.55725762685
0.0
0.0
0.0
0.0
0.0
0.0
74337.55725762685
0.0
0.0
0.0
0.0
0.0
0.0
74337.55725762685
100125.69929834979
0.0
0.0
0.0
0.0
0.0
0.0
100125.69929834979
0.0
0.0
0.0
0.0
0.0
0.0
100125.69929834979
0.0
0.0
0.0
0.0
0.0
0.0
100125.69929834979
0.0
0.0
0.0
0.0
0.0
0.0
100125.69929834979
0.0
0.0
0.0
0.0
0.0
0.0
100125.69929834979
77006.96700936322
0.0
0.0
0.0
0.0
0.0
0.0
77006.96700936322
0.0
0.0
0.0
0.0
0.0
0.0
77006.96700936322
0.0
0.0
0.0
0.0
0.0
0.0
77006.96700936322
0.0
0.0
0.0
0.0
0.0
0.0
77006.96700936322
0.0
0.0
0.0
0.0
0.0
0.0
77006.96700936322
78402.27757557557
0.0
0.0
0.0
0.0
0.0
0.0
78402.27757557557
0.0
0.0
0.0
0.0
0.0
0.0
78402.27757557557
0.0
0.0
0.0
0.0
0.0
0.0
78402.27757557557
0.0
0.0
0.0
0.0
0.0
0.0
78402.27757557557
0.0
0.0
0.0
0.0
0.0
0.0
78402.27757557557
91731.18574335409
0.0
0.0
0.0
0.0
0.0
0.0
91731.18574335409
0.0
0.0
0.0
0.0
0.0
0.0
91731.18574335409
0.0
0.0
0.0
0.0
0.0
0.0
91731.18574335409
0.0
0.0
0.0
0.0
0.0
0.0
91731.18574335409
0.0
0.0
0.0
0.0
0.0
0.0
91731.18574335409
77335.10484716235
0.0
0.0
0.0
0.0
0.0
0.0
77335.10484716235
0.0
0.0
0.0
0.0
0.0
0.0
77335.10484716235
0.0
0.0
0.0
0.0
0.0
0.0
77335.10484716235
0.0
0.0
0.0
0.0
0.0
0.0
77335.10484716235
0.0
0.0
0.0
0.0
0.0
0.0
77335.10484716235
75924.45869986937
0.0
0.0
0.0
0.0
0.0
0.0
75924.45869986937
0.0
0.0
0.0
0.0
0.0
0.0
75924.45869986937
0.0
0.0
0.0
0.0
0.0
0.0
75924.45869986937
0.0
0.0
0.0
0.0
0.0
0.0
75924.45869986937
0.0
0.0
0.0
0.0
0.0
0.0
75924.45869986937
79904.11092254998
0.0
0.0
0.0
0.0
0.0
0.0
79904.11092254998
0.0
0.0
0.0
0.0
0.0
0.0
79904.11092254998
0.0
0.0
0.0
0.0
0.0
0.0
79904.11092254998
0.0
0.0
0.0
0.0
0.0
0.0
79904.11092254998
0.0
0.0
0.0
0.0
0.0
0.0
79904.11092254998
73705.31843442304
0.0
0.0
0.0
0.0
0.0
0.0
73705.31843442304
0.0
0.0
0.0
0.0
0.0
0.0
73705.31843442304
0.0
0.0
0.0
0.0
0.0
0.0
73705.31843442304
0.0
0.0
0.0
0.0
0.0
0.0
73705.31843442304
0.0
0.0
0.0
0.0
0.0
0.0
73705.31843442304
72684.16000000008
0.0
0.0
0.0
0.0
0.0
0.0
72684.16000000008
0.0
0.0
0.0
0.0
0.0
0.0
72684.16000000008
0.0
0.0
0.0
0.0
0.0
0.0
72684.16000000008
0.0
0.0
0.0
0.0
0.0
0.0
72684.16000000008
0.0
0.0
0.0
0.0
0.0
0.0
72684.16000000008
97814.98791886831
0.0
0.0
0.0
0.0
0.0
0.0
97814.98791886831
0.0
0.0
0.0
0.0
0.0
0.0
97814.98791886831
0.0
0.0
0.0
0.0
0.0
0.0
97814.98791886831
0.0
0.0
0.0
0.0
0.0
0.0
97814.98791886831
0.0
0.0
0.0
0.0
0.0
0.0
97814.98791886831
84868.52175831884
0.0
0.0
0.0
0.0
0.0
0.0
84868.52175831884
0.0
0.0
0.0
0.0
0.0
0.0
84868.52175831884
0.0
0.0
0.0
0.0
0.0
0.0
84868.52175831884
0.0
0.0
0.0
0.0
0.0
0.0
84868.52175831884
0.0
0.0
0.0
0.0
0.0
0.0
84868.52175831884
72684.16000000002
0.0
0.0
0.0
0.0
0.0
0.0
72684.16000000002
0.0
0.0
0.0
0.0
0.0
0.0
72684.16000000002
0.0
0.0
0.0
0.0
0.0
0.0
72684.16000000002
0.0
0.0
0.0
0.0
0.0
0.0
72684.16000000002
0.0
0.0
0.0
0.0
0.0
0.0
72684.16000000002
72684.15999999997
0.0
0.0
0.0
0.0
0.0
0.0
72684.15999999997
0.0
0.0
0.0
0.0
0.0
0.0
72684.15999999997
0.0
0.0
0.0
0.0
0.0
0.0
72684.15999999997
0.0
0.0
0.0
0.0
0.0
0.0
72684.15999999997
0.0
0.0
0.0
0.0
0.0
0.0
72684.15999999997
72684.16000000002
0.0
0.0
0.0
0.0
0.0
0.0
72684.16000000002
0.0
0.0
0.0
0.0
0.0
0.0
72684.16000000002
0.0
0.0
0.0
0.0
0.0
0.0
72684.16000000002
0.0
0.0
0.0
0.0
0.0
0.0
72684.16000000002
0.0
0.0
0.0
0.0
0.0
0.0
72684.16000000002
