0.9232932507051371
-0.07553817734439634
0.32796122909929026
-0.02663782115567394
-0.9929639395725337
-0.37712067668186866
0.9542007388630355
-0.11730618346685845
0.4272807903220868
-0.02741479309496394
-1.0515164837049102
-0.4041483498068798
1.026867540107473
-0.15058583746006582
0.36104473296105566
-0.017081163200266366
-1.0685891615055785
-0.42662410263200284
1.0034916578955277
-0.262756477553756
0.6962151557939432
0.011692214067102314
-1.1190847792381402
-0.4588105893632059
1.1286578872423831
-0.1865076065871076
0.7110575810290037
-0.004812297290331104
-1.1856970229692037
-0.483475653535722
1.0157502801330638
-0.29101788775467025
0.6985060727365837
-0.061622370768067786
-1.2274891573151614
-0.5083512041837744
1.0256130258382536
-0.15390402775762765
0.7928168119534824
-0.15144004060494123
-1.3315147813518609
-0.5693131498947586
1.0620602425843013
-0.14388910542907915
0.7744255729852004
-0.15828919892695273
-1.3889378031807522
-0.5790171891285043
1.059547789960641
-0.27444705076133913
0.7139581267288526
-0.14998788539483712
-1.4342541656070247
-0.5855292884294274
1.3012867582348535
-0.2699255752054462
0.7772798648317071
-0.12857813890393574
-1.4595578092399422
-0.5878073810023086
1.1422637692530204
-0.1619564931453497
0.9290462079710748
-0.1267738176364631
-1.4658621516685792
-0.59043075711966
1.0939664599687753
-0.2446634806277301
0.964379499824882
-0.11955752027452418
-1.4981853988127665
-0.59443570312931
1.0656956834397362
-0.40838185861209203
0.9802531156083734
-0.11539635907126138
-1.5455430391281015
-0.5924277922878834
1.0094774389883083
-0.2743842531520466
1.1439168478255304
-0.1363469791304432
-1.6319308436691762
-0.5930993627373135
1.0956615534818372
-0.18010962149436863
1.0702965261204103
-0.16704516395829733
-1.6980023145963061
-0.611406804985046
1.101931525521683
-0.31464799473991506
1.0714563310059413
-0.18183778633114941
-1.7501954415457
-0.654036670783017
1.0541773175049964
-0.2952075202924941
1.2419463901616823
-0.15873283560616958
-1.7986158342086278
-0.6551923057314055
0.9554222042979864
-0.1795947244098215
1.207078723123155
-0.11958589830799846
-1.870289481693063
-0.6796208744448056
0.8752840640185064
-0.3898544581643852
1.1594356551872624
-0.12595168214239605
-1.9231473586623218
-0.6947477464733716
0.9736172844301776
-0.2729224492613555
1.313603758040443
-0.14560272601624188
-1.9839333858599006
-0.700095566631728
0.8570372278854015
-0.359668067148118
1.3450723396182411
-0.16134112842688647
-2.029672668402681
-0.7121848932131272
0.8234446773650224
-0.24747971045394296
1.4574223633339563
-0.17031989109836126
-2.0783357904493553
-0.7129628207018885
0.8346726484615422
-0.3236303712743298
1.48981352106293
-0.17622635014671867
-2.092352806672217
-0.7266015684075798
0.8704568461029952
-0.35927297057718366
1.4323794832991978
-0.18096881112319016
-2.104559461446699
-0.7424213025268098
0.794207010266792
-0.449903511077366
1.4279769387767896
-0.17927449526951536
-2.1146936555625224
-0.7544382682945978
0.8076651738529536
-0.37579426212179656
1.5724532148874644
-0.17362931224485287
-2.1245316865853106
-0.7657044665419576
0.8430077527889661
-0.4751269034564619
1.5378743150906367
-0.1737534932247548
-2.134110587237875
-0.7780187980800429
0.7475391432511267
-0.3583867347879491
1.4344339405014055
-0.16815133634231139
-2.158163608193973
-0.7724059921532741
0.7575797122915996
-0.4970996737440862
1.582906416630153
-0.16458345805287533
-2.2177911990999966
-0.7857590536821125
0.7699309578441829
-0.3434214507120402
1.6455775327070403
-0.15735518883099453
-2.262884213711033
-0.7878796461230725
0.6702928389091617
-0.4846065063925786
1.737206795076258
-0.17427964220143724
-2.3227254236423707
-0.8074397345908368
0.7277927425856796
-0.4034560739267468
1.7161794519682614
-0.2140253790197278
-2.379496665021452
-0.8605846028085229
0.5422646699164443
-0.44997783133606467
1.7195026777599411
-0.20543617214579313
-2.434915898003412
-0.8803607656747932
0.4318952156661654
-0.31115904035655073
1.7237296475692894
-0.17959084145328155
-2.485741508332945
-0.8804517492996
0.531258025056109
-0.5626487535867029
1.69455153171586
-0.157847948558713
-2.519744171471971
-0.8877346756292337
0.3020690532877479
-0.4625215961564776
1.8006750887478389
-0.13294119346933986
-2.593685771141461
-0.9242562832684035
0.2981968421715347
-0.42296570531512234
1.7481949889066573
-0.14370875888164883
-2.662340452726948
-0.9379163363986711
0.2974287905256713
-0.5232351208856614
1.9569379837340672
-0.16766031780590404
-2.708951778285825
-0.9715150433275267
0.27103242655306464
-0.5183249748210371
1.718284954655931
-0.15165589716197492
-2.7607356399218124
-0.9880892788652268
0.20508927643555935
-0.5592688407028409
2.0659250809612466
-0.13442583284749804
-2.798684786426988
-0.9865401616894715
0.11085602463528067
-0.5582129636423825
1.9745759086902912
-0.12874112762163348
-2.845225985631682
-0.9885140673101883
0.17269809546352172
-0.5131259922706037
2.0553777953820527
-0.1157979475945242
-2.9239740255939144
-1.0080613182120224
-0.03986519404256861
-0.509808130923474
1.9136902751635074
0.12163283623331778
2.94227029124053
1.013992471759389
0.042900486237167496
-0.5416412461548253
1.9329698256791694
0.13719682501605002
2.9071824168220775
1.0333000927366427
-0.14432071109173045
-0.5117020884367507
2.1283126131707384
0.0804545848416148
2.7564283474689324
0.9795107360956267
-0.33640977916270526
-0.5507403989423886
2.053562617935132
0.09182850917254357
2.706814115281498
0.968600715609364
-0.26715052567067116
-0.5108036375433375
2.0836387090509416
0.11438860790229347
2.660245842337715
0.9451760718907799
-0.4186971852093255
-0.5715276392655287
2.0245590250260945
0.09940234356017412
2.62822233810439
0.9279548324154466
-0.2996731847944223
-0.5069654982269086
2.078181809477746
0.08716193433834465
2.591275037344925
0.9115917525542216
-0.24871488686868282
-0.559030200753649
2.07464838867565
0.09169618709375213
2.568447005768363
0.9070726650022797
-0.29138924111840125
-0.34942418243123624
2.2149120478437268
0.20579178782303942
2.566529614834969
0.840965733247789
-0.22338844151122586
-0.4788392842013291
1.9636125347939415
0.21549266399537015
2.5099177798029775
0.8666315085574431
-0.424834117954853
-0.5543528683989424
1.9877908402107074
0.16543900437529155
2.432549089986806
0.8834172044347154
-0.37657807086473544
-0.5326774706519157
1.8804845647175965
0.14864311419957738
2.3941000544392863
0.8894416088948865
-0.556330435350345
-0.37831803048461327
1.8069338724173138
0.13378555676875262
2.356476069103332
0.8776567352963546
-0.34105578479301113
-0.5443215446920163
1.8160937382816886
0.1445366439500256
2.32939907276921
0.8749787943351695
-0.39551359706866834
-0.5812917339925934
1.791550496836641
0.14177389536293988
2.3112067190256393
0.8852373970261388
-0.21978704975149055
-0.6235568284486137
1.7585685982230321
0.1446911012874744
2.2859200296281887
0.9073196092642744
-0.4586476253365119
-0.5490231490078499
1.6143256398148127
0.11715060873702618
2.2160566204852246
0.8816256209726651
-0.3904051070764571
-0.5754273810675685
1.6360721126173554
0.1374385762108964
2.1793394155512513
0.8543262472772593
-0.5271927211121626
-0.5696424041031294
1.554202515223503
0.15712173621128195
2.1388031608138554
0.8534783023720962
-0.4711817384144201
-0.47478120101145926
1.4430403940263006
0.13008684687065716
2.0435698360745027
0.8288805369493255
-0.8914021187063922
-0.40343141312113723
1.3240926104947477
0.13193962592547182
1.9924508320688754
0.8120346982242784
-0.7662078504566993
-0.5290109114056273
1.3295167503761696
0.13103459276476023
1.9685865893382444
0.8081995449884067
-0.563940493682158
-0.40848303497249727
1.212715575977555
0.1430368139788535
1.8719897443680098
0.8006950134799916
-0.7717529598453641
-0.49298407788668647
1.1826083428442142
0.13073368943758182
1.802344189782079
0.8089580876830244
-0.7849262313032508
-0.5049276201059204
1.1433806847545314
0.1465226141312785
1.7534171461494592
0.8003640765788248
-0.7698766395314228
-0.4987612848034405
1.147109773426816
0.1569827534061312
1.72736165760192
0.8027626199237975
-0.7341894696497542
-0.5280520286941156
1.180464852373484
0.1520785858650378
1.703304686206142
0.8007516133251745
-0.9419058057179264
-0.3767700241604037
1.3551754382029733
0.16016567417434996
1.6363345420417714
0.7962375115143908
-0.8331725748103107
-0.5604587917573992
1.1658894964318631
0.18644380955809456
1.6114754545375674
0.7998643443491944
-0.8114076082388418
-0.47912591830161744
0.946977086016663
0.1797534612647837
1.5824772464803258
0.7836715225280572
-0.6778621590778736
-0.3468828961322715
1.148802555346062
0.14488123691027963
1.5203737918448512
0.7959053995141413
-0.6373663575235269
-0.19449329885852662
0.9424273304300158
0.1349633138211462
1.4276893577295486
0.591363731263482
-0.7542388309681433
-0.29421021038313466
0.8671140900111197
0.053740698927574604
1.2580592533444843
0.5166187497619125
-0.8858880357431113
-0.06596103633749939
0.750667382871412
0.13632606540122344
1.1668670483794032
0.45917166125483705
-0.8018353937925173
-0.20561434118177882
0.680487973937519
0.11304117007758001
1.104255060361523
0.5234209535310673
-0.6773241589453014
0.09297994114253853
0.5752888504067067
-0.10384429855990816
0.9616065113558087
0.3384809385760561
-0.6566130963941107
-0.1983075878227375
0.6122882390478577
-0.0869793810977309
0.9598213025331005
0.39690417650246007
-0.6278425694450478
-0.1434269820936036
0.39440070061674093
-0.005511568804210216
0.9494429033185555
0.43748559017470884
-0.7780763736100104
-0.1248242336853068
0.43400179734224303
7.193108094616355e-05
0.8996218052934005
0.4252367434448284
-0.7165313132976313
0.023672196180239517
0.030804160645106327
0.16653961135661083
0.38041621092460964
0.27444577228425837
-0.5405825524091199
0.1303870335174553
0.1494708219208734
0.17275768871526873
0.4078841480300367
0.23632258213715
-0.5248550954864968
0.06941975909966021
0.3024152141769324
0.11013788871540708
0.48058162404324395
0.1996462235296461
-0.5024759266619927
0.09799968135172542
0.1549987295920263
-0.01707931173139115
0.5103762215367871
0.24653301442854128
-0.42697835051038374
-0.09461060120215073
0.3457147276831746
0.042666665533850665
0.5170837044364059
0.2783689207078696
-0.28200716222989874
0.05952507797173809
0.14800823636058405
0.08731767199356988
0.46639765874442374
0.28072121105797654
-0.499281540386877
0.07027060617109936
0.0955813033566649
0.13311346164811905
0.41764376653601576
0.27416160434932635
-0.5253938117115624
0.29869529064568046
0.32383808810867354
0.32483555981748263
0.6785914099157252
0.4413542181551577
-0.8429874777559709
-0.09196767383100812
0.5483627068578715
0.3749749957067163
1.041099579057674
0.8144899683731059
-0.7451792660080427
-0.09912813370966157
0.5568107870265541
0.3680025871392405
1.0746905157592253
0.877697919488299
-0.8562267969212191
-0.19258357529766082
0.5307368294556088
0.3575976879159998
1.1474896840992381
0.9403599273843215
-0.8769910060891409
-0.2463954380873707
0.5780941303433478
0.3301455565851924
1.1881756291123893
0.9911550894547788
-0.7757878714355723
-0.2871387858296216
0.6412525372915947
0.31419249168105406
1.2405948025141527
1.087927223596352
-0.734305384690555
-0.4326666712162257
0.7326578746185789
0.30842554812139855
1.3136440193709735
1.1523983749167621
-0.8181686177051499
-0.4755916464427218
0.7461692174770909
0.2993742353870648
1.3739006488929268
1.2103602915040843
-0.8038263334910971
-0.5711945521622537
0.7868399708140998
0.2614295431287991
1.4821645883438368
1.2362253084824169
-0.7830715508980032
-0.42467591937027965
0.902829877953444
0.18564182417179437
1.5637229544686324
1.270535268213859
-0.6546809322275807
-0.48778978232452475
0.806767140706562
0.1503574802120235
1.637611397726805
1.3394629672605962
-0.561729570029104
-0.6381122339151847
0.8797545477763361
0.14437814500469043
1.669831028941223
1.3485913432976788
-0.83732726426906
-0.6474829199930905
0.8754946873898466
0.10592239337580696
1.7321178995143458
1.4070978822395395
-0.603516184027514
-0.6568367510809602
1.015325652141302
0.09770620927046847
1.7633781772559938
1.4312672216971727
-0.7088846325547997
-0.6883819241080371
0.9369117234956367
0.07204136550226996
1.776758563803317
1.4747655374079696
-0.45638151950674183
-0.6599810294260745
0.7686806848109589
0.06304515482137836
1.798575659310817
1.5037259017541302
-0.4653791643905152
-0.8227972258046481
1.06053203510781
0.03525427084840805
1.8853293282930774
1.5521690079118984
-0.46935605168924005
-0.83053527475869
0.9687645872630377
0.00627886000929237
1.9198606599507018
1.6119387263272649
-0.38148905134586375
-0.9361859051326754
1.029082531546218
-0.020441567241583334
1.9625183161430713
1.7033754591784536
-0.507341898631634
-1.0365218588736622
1.0397307653199208
-0.044605211860802386
1.9886152948296287
1.7414780890213615
-0.4716572032779714
-0.9129970858739681
1.00283837642355
-0.04734353887264869
1.99544538568881
1.7460466937829446
-0.3019949407740826
-0.9966032493490915
1.0032271052627073
-0.08901283495603914
2.0777633584514965
1.7868390625984307
-0.3630621326279751
-1.0124115207915052
1.2153228486361494
-0.12372540750360253
2.19487069081236
1.8138338949911836
-0.2690319465459679
-0.9641256327362671
1.1269049101749988
-0.20873669594343958
2.255375824198044
1.769136680909056
-0.29018113334520257
-0.9456387420048477
1.2578197125624173
-0.21903110790459265
2.2776049696236633
1.763007729260373
-0.05880050423506569
-0.8805350284023111
1.2856427778566977
-0.30981059495289753
2.4186825386188695
1.7970780847035819
0.13383048256547062
-0.822073907747306
1.2112307090357903
0.34387026650322683
-2.4702783414454683
-1.8029405269462926
0.2975110282354944
-0.7167829157515637
1.2703638463532108
0.3906107312560876
-2.328892077613221
-1.6780488299291845
0.5081062402369172
-0.8060807771660664
1.2438664793353988
0.4279852075399641
-2.2204950347172216
-1.6234158122997886
0.5421512085132167
-0.6871682648514128
1.163171320247979
0.44443214116835705
-2.0852446843457986
-1.5468526859410556
0.7403960398404597
-0.7557462425414684
1.187147239301994
0.4867781349081196
-2.0057396761989734
-1.4213155117032494
0.6436416927226272
-0.5234038530780459
1.190599107417783
0.5136465660765294
-1.9422199817158827
-1.2866324383591519
0.7539451941409504
-0.6497763178160394
1.0365985885347886
0.5459541865181864
-1.9111325590097634
-1.2691288686313895
0.7086914044088577
-0.47605752650393146
1.0986166422429278
0.5552031633165722
-1.9027258656415218
-1.2612025619190816
0.5648430985879984
-0.42291381430593195
1.1633722041024002
0.571611545873695
-1.8670814551617838
-1.230458608231736
0.8044053345927991
-0.259742762285591
1.1124465401492676
0.5653273121500143
-1.7944678273867034
-1.1512919687750292
0.9256139782125039
-0.20951830990437326
0.8769915244038954
0.5654836610146281
-1.6772650335961756
-1.046310178514931
