1.1898645722804781
1.128557885313703
4.0
4.0
4.0
4.0
4.0
4.0
4.0
3.9999999999999996
4.0
4.0
4.0
4.0
4.0
4.0
4.0
4.0
4.0
4.0
3.9999999999999996
4.0
4.0
3.9999999999999996
3.9999999999999996
4.0
4.0
4.0
4.0
3.9999999999999996
4.0
4.0
4.0
4.0
4.0
4.0
4.0
3.9999999999999996
4.0
4.0
4.0
4.0
4.0
3.9999999999999996
4.0
4.0
4.0
3.9999999999999996
4.0
4.0
4.0
4.0
4.0
3.9999999999999996
4.0
4.0
4.0
4.0
4.0
4.0
4.0
3.9999999999999996
4.0
4.0
4.0
3.9999999999999996
4.0
4.0
3.9999999999999996
3.9999999999999996
4.0
4.0
4.0
4.0
3.9999999999999996
4.0
4.0
4.0
4.0
4.0
3.9999999999999996
3.9999999999999996
3.9999999999999996
4.0
4.0
4.0
4.0
4.0
4.0
4.0
4.0
4.0
4.0
3.9999999999999996
4.0
4.0
3.9999999999999996
4.0
4.0
4.0
4.0
3.9999999999999996
4.0
4.0
3.9999999999999996
4.0
4.0
4.0
4.0
3.9999999999999996
4.0
4.0
4.0
3.9999999999999996
4.0
4.0
4.0
4.0
3.9999999999999996
4.0
3.9999999999999996
3.9999999999999996
4.0
4.0
4.0
