0
6
7
10
11
14
15
18
19
20
28
29
30
36
38
45
46
51
53
54
55
56
57
58
59
61
64
65
66
67
68
71
72
73
74
75
76
77
79
80
81
84
85
86
88
89
91
92
93
94
99
100
101
102
104
105
106
107
108
111
112
123
135
138
155
159
163
164
165
166
167
168
169
170
171
172
187
229
1807
1808
1842
0
7
10
11
14
15
18
19
20
22
28
36
38
45
46
48
49
53
54
55
56
57
58
60
61
62
64
66
67
68
71
72
73
74
75
77
79
80
81
83
86
88
89
91
92
93
94
96
98
99
100
101
102
103
104
105
106
107
108
112
123
126
133
135
138
139
140
153
156
157
159
160
163
165
166
170
171
173
174
175
177
179
182
229
231
235
246
247
253
1807
1842
1843
1844
1845
1848
0
3
8
9
11
14
15
16
18
19
20
22
25
28
36
38
45
46
49
50
56
57
58
59
62
63
66
67
70
71
72
74
79
80
81
83
87
88
89
90
92
94
95
97
99
100
104
106
107
108
133
139
140
141
153
154
155
156
157
159
160
162
163
165
166
168
169
170
171
172
173
174
175
176
179
181
182
185
187
188
221
224
230
231
246
1807
1842
1843
1844
1845
1848
0
2
3
7
10
11
14
15
18
19
22
25
28
36
46
50
52
56
58
59
60
61
62
67
70
72
74
77
78
79
80
81
82
83
84
85
87
88
89
90
92
94
96
99
100
101
104
107
108
113
114
115
116
121
123
129
133
136
139
142
143
146
147
148
150
152
153
154
160
164
165
168
169
170
171
175
176
180
182
183
185
197
212
219
223
224
226
228
231
244
247
252
255
1807
1808
1809
1842
1843
1844
1847
1848
3
7
8
11
16
18
19
20
22
25
28
50
54
55
56
57
58
59
61
63
65
66
72
78
81
82
83
87
88
92
95
97
100
101
104
107
108
113
114
115
116
117
118
121
122
123
128
129
139
140
144
146
147
148
149
150
151
153
154
161
164
165
168
170
175
176
178
180
181
185
218
221
223
224
226
227
228
230
231
244
250
254
258
458
1808
1809
1842
1843
1844
1848
6
11
19
22
25
28
55
59
62
78
79
86
88
107
114
116
120
122
128
129
131
144
149
151
152
160
168
171
176
178
180
181
212
223
224
227
230
237
249
252
253
343
1809
1847
0
7
20
25
28
48
49
50
52
55
58
59
63
71
77
80
81
83
84
86
88
89
94
95
97
103
107
108
109
111
123
125
128
129
131
132
133
136
139
144
145
146
149
153
161
162
164
165
167
169
170
171
178
181
185
186
216
217
218
219
220
223
225
231
236
245
246
247
250
251
254
256
258
259
260
343
353
1809
1844
1848
11
18
20
22
28
52
55
61
66
79
89
101
107
108
125
126
128
131
144
149
152
153
158
164
165
170
176
178
183
215
216
217
220
223
225
227
231
232
234
241
247
254
256
259
1843
1844
1848
0
7
11
20
22
25
28
51
52
55
61
77
79
81
86
95
103
104
108
122
123
125
131
132
133
141
144
145
149
153
158
164
165
168
170
176
186
187
197
200
201
212
213
215
216
218
219
220
222
223
231
232
234
235
236
241
242
246
250
251
254
255
257
258
259
345
353
1843
1844
7
9
11
55
59
61
66
79
81
82
95
97
104
108
116
125
129
143
144
146
149
152
170
178
185
186
187
188
196
201
204
205
214
215
216
223
231
237
240
241
242
246
251
257
342
343
1843
1844
1848
1849
0
11
22
25
52
55
61
79
81
82
95
104
108
116
122
125
128
129
139
143
144
145
146
149
152
158
170
178
179
183
185
196
198
200
201
204
205
208
209
210
215
216
220
223
231
234
236
238
241
242
243
245
246
254
257
340
342
343
344
374
470
1844
1849
4
7
9
11
22
28
45
55
59
61
66
79
81
82
101
109
125
127
128
129
133
139
142
144
149
152
153
158
165
167
168
170
185
186
193
195
196
197
198
199
200
201
204
205
208
209
210
211
215
219
223
231
241
242
249
255
257
331
340
343
344
345
353
363
365
389
393
395
396
397
398
1848
4
7
9
50
55
59
61
66
81
95
108
109
116
120
122
127
142
143
144
149
152
153
158
165
167
168
176
178
179
187
190
192
193
195
198
199
200
201
210
211
215
219
223
232
238
240
243
246
252
255
257
338
339
340
345
353
362
363
365
368
389
392
393
395
396
397
398
536
1849
7
11
22
28
59
61
81
95
108
116
121
122
124
128
133
144
149
152
158
165
168
170
179
189
190
195
197
200
202
204
208
210
211
212
215
222
223
234
236
240
246
248
255
258
331
337
338
339
340
342
345
362
363
364
365
374
375
384
389
390
391
392
394
395
397
398
405
1846
1850
1852
28
61
81
95
97
108
117
128
133
144
149
158
168
170
178
186
187
189
191
192
195
200
201
202
203
204
206
207
208
211
213
214
223
228
255
336
337
345
368
371
374
375
376
377
378
379
381
382
383
384
386
387
388
389
391
394
397
408
1846
1850
1853
11
22
28
29
55
81
95
108
117
124
144
158
167
168
187
189
191
192
194
200
203
205
206
223
239
245
255
261
330
331
333
334
335
336
345
366
368
369
372
374
376
377
378
384
385
387
390
392
394
398
408
428
464
1850
1853
22
61
81
95
98
117
144
158
165
167
168
179
189
190
191
194
201
202
203
205
207
208
223
246
261
262
263
264
330
332
333
335
336
339
346
347
353
369
370
372
376
379
380
382
383
386
387
388
398
399
408
470
620
1852
1853
10
22
28
29
55
61
81
88
95
97
108
128
144
158
165
168
170
178
189
191
194
205
208
223
239
246
249
252
255
261
262
263
264
334
336
339
346
347
348
349
350
351
352
353
355
357
358
360
361
362
368
369
370
374
376
378
379
380
381
382
385
387
394
398
405
408
449
470
477
620
1851
1852
1853
11
22
28
29
61
81
88
108
117
128
144
168
170
189
202
203
208
223
239
246
249
261
263
264
301
335
336
348
351
352
353
354
355
357
358
360
361
366
370
374
376
379
380
381
394
398
399
400
402
403
404
405
406
408
409
449
456
462
465
467
468
475
491
620
1851
1852
1853
7
11
22
28
29
97
108
117
144
158
168
178
189
191
194
203
205
206
223
239
246
248
255
261
263
298
311
334
336
339
348
349
350
354
355
364
369
376
380
381
382
394
398
399
400
402
406
407
409
447
449
456
458
459
460
461
462
464
465
466
467
468
469
470
471
472
473
533
535
593
1853
7
29
61
137
144
167
177
189
191
192
194
195
203
205
206
223
225
246
252
255
294
298
300
334
335
336
339
353
356
369
373
374
375
376
380
381
382
394
398
401
403
404
446
447
448
449
450
451
452
453
454
456
457
459
460
461
462
467
468
469
472
473
481
533
1853
7
11
28
29
55
61
95
117
130
137
144
150
189
191
192
194
203
205
206
223
246
252
255
294
298
309
336
339
353
354
355
356
358
359
364
366
367
373
374
376
381
382
398
404
407
439
440
441
443
444
445
446
447
448
449
450
451
452
453
454
457
462
463
466
468
469
470
471
534
540
543
597
1851
1854
11
22
28
29
55
117
128
137
144
150
163
192
194
200
206
223
233
255
294
298
309
327
336
339
355
356
359
364
366
374
375
376
382
398
407
413
420
421
423
424
425
426
427
428
429
430
431
432
433
434
435
436
437
439
441
442
443
444
445
447
453
457
462
465
467
468
470
472
474
475
480
491
492
540
1851
1855
7
22
28
29
55
119
137
150
178
192
194
195
206
212
223
252
269
294
298
305
306
307
309
310
311
336
339
345
355
356
358
364
366
373
374
375
376
382
398
404
405
407
410
411
413
414
417
420
421
423
424
426
427
428
429
431
432
434
435
438
440
441
442
444
445
447
455
456
457
462
465
467
468
470
472
474
491
492
540
593
594
654
1521
1851
1854
1855
11
29
81
117
137
144
150
152
153
170
178
187
189
192
194
203
206
223
233
246
252
290
298
303
305
306
327
339
355
356
358
359
366
374
382
385
398
401
404
410
414
417
420
421
428
429
430
431
432
433
435
436
437
438
441
445
447
451
453
455
456
463
465
467
468
470
475
476
478
479
480
481
491
534
561
594
597
1521
1854
1855
7
11
29
55
119
130
150
170
187
189
192
194
206
223
294
298
303
304
307
310
339
352
353
354
355
356
358
366
371
381
382
398
404
410
411
418
419
420
422
423
428
431
432
434
439
441
442
444
446
453
455
456
461
467
468
472
474
476
479
480
481
482
491
492
493
530
534
540
559
561
597
1854
1855
22
29
61
81
118
144
170
189
191
192
206
223
246
255
281
292
298
299
300
301
302
303
307
316
327
336
339
352
353
354
355
358
366
367
381
382
394
398
401
404
405
411
418
423
427
432
438
439
441
444
445
446
447
455
456
463
464
465
467
468
470
472
474
476
478
479
480
482
484
486
487
488
489
490
523
530
531
534
535
540
543
593
594
596
597
654
1854
1855
7
11
22
28
29
55
61
81
88
137
150
152
167
170
178
187
190
192
206
223
225
246
248
255
290
291
292
293
295
297
299
301
302
303
315
316
336
339
353
354
355
356
358
364
381
382
385
398
404
405
406
416
417
427
432
434
441
442
444
445
447
456
459
463
465
467
468
470
481
484
485
486
488
490
491
493
535
537
543
593
594
596
597
1854
11
22
28
29
144
150
190
192
206
223
255
269
271
290
293
295
296
297
298
312
313
314
317
318
319
321
322
327
336
339
355
359
381
382
404
414
417
434
438
442
444
447
456
465
467
470
480
484
485
486
487
490
523
535
540
543
555
559
593
594
596
597
598
639
658
672
1856
11
22
29
192
223
233
246
255
271
281
290
291
293
295
296
303
311
312
313
314
315
317
318
319
321
336
338
339
355
356
382
398
404
405
406
411
414
415
416
418
433
434
438
447
465
468
473
489
490
492
493
523
535
540
547
555
561
593
594
596
597
598
599
601
658
672
1855
1856
28
150
190
206
246
255
259
268
276
290
293
296
303
314
317
320
322
323
324
326
327
329
336
338
339
353
354
356
398
404
406
411
415
417
434
442
445
447
456
468
470
484
485
488
496
532
537
538
539
540
541
542
543
551
555
561
586
594
596
597
599
601
621
649
658
663
1856
28
118
150
190
194
206
259
265
270
273
278
290
293
299
313
314
322
323
325
326
327
329
332
339
351
355
356
398
415
418
423
428
442
445
447
456
468
496
523
528
530
532
538
539
541
547
551
552
554
555
556
557
561
586
594
595
596
597
598
620
621
658
664
672
1521
1829
1840
206
266
268
271
273
276
287
289
290
293
299
313
314
322
323
325
326
329
332
351
353
355
405
415
423
438
442
445
447
456
465
468
496
498
523
527
528
532
535
539
540
541
542
544
546
547
550
551
552
554
555
556
557
561
586
596
597
599
620
621
653
658
659
660
661
662
663
664
665
667
668
671
672
673
1521
1857
124
194
206
265
266
270
271
272
273
278
281
282
283
284
286
287
288
289
290
293
313
314
323
324
327
329
332
351
353
398
416
423
428
447
465
468
477
488
496
521
523
527
528
535
540
546
549
551
561
562
563
565
566
567
570
596
597
598
621
658
659
660
661
662
664
665
666
667
668
670
672
673
908
1829
1841
1856
268
270
271
273
274
275
276
277
278
281
282
283
284
286
288
290
293
296
312
313
314
322
323
325
327
329
353
398
406
415
416
423
438
442
447
456
485
486
496
521
523
527
528
532
535
537
539
540
542
543
544
546
548
551
556
557
558
561
562
565
566
567
575
588
589
590
592
596
597
598
599
621
658
660
661
663
669
672
1135
1840
1841
1857
137
265
266
271
272
274
276
277
278
281
283
284
285
286
287
289
290
293
296
299
313
322
323
324
327
353
415
416
432
442
445
447
456
468
485
488
495
496
497
517
521
523
532
539
542
543
546
549
550
556
557
558
561
562
563
565
578
581
582
583
584
585
586
588
589
590
592
595
599
608
621
622
629
658
659
660
661
663
666
670
671
672
1829
1857
270
278
281
289
293
314
327
329
419
428
442
445
447
456
468
495
496
497
498
499
521
523
532
540
542
548
551
558
561
565
568
572
573
574
575
576
577
578
581
582
583
586
588
589
595
598
599
601
608
621
640
658
664
668
672
722
1840
270
271
284
285
289
290
293
313
314
322
323
325
327
329
332
416
428
445
447
450
456
468
495
496
500
514
516
518
520
521
523
524
525
532
540
542
543
551
555
556
557
561
565
569
570
572
577
578
581
584
585
586
587
589
595
597
599
601
620
621
640
659
665
668
672
722
1135
1153
1856
1857
275
279
290
293
313
322
323
327
329
332
338
412
434
447
456
484
485
494
496
498
501
511
514
515
516
517
518
520
521
523
524
525
526
532
551
557
561
564
565
572
574
577
578
587
588
589
591
594
598
607
608
609
610
616
617
618
621
622
640
645
658
659
672
681
683
684
744
1856
278
281
289
290
313
322
327
332
412
416
428
434
438
445
447
456
468
485
502
512
515
516
518
520
521
523
524
526
542
543
551
555
561
564
568
569
570
578
585
587
589
594
595
607
608
609
610
612
616
617
618
640
643
649
650
652
655
656
657
658
659
672
674
675
676
677
678
679
680
681
682
684
744
1828
1852
1858
194
270
271
278
289
299
300
322
323
327
332
385
412
456
467
468
496
501
502
503
505
506
508
511
512
513
515
517
520
521
523
524
525
526
534
543
551
561
564
569
571
576
577
585
589
606
607
608
610
616
618
643
646
650
651
653
655
656
657
658
659
664
672
675
676
677
678
679
681
682
744
1828
1858
271
278
284
289
293
299
313
322
323
327
332
415
428
456
485
496
503
505
506
508
509
510
511
512
515
516
520
521
523
524
526
534
542
557
561
569
570
571
585
586
598
606
607
608
609
610
616
617
619
632
633
634
635
637
639
643
645
646
649
652
653
658
659
672
674
676
678
681
744
746
1828
1858
271
275
284
289
313
322
332
338
406
428
465
468
485
496
508
509
510
511
513
515
516
517
521
523
526
539
561
564
571
585
598
605
606
608
609
612
613
614
618
624
626
633
634
635
637
638
642
643
645
646
658
659
664
672
674
678
681
686
757
818
1858
266
270
271
275
278
281
289
327
332
428
447
456
509
510
511
513
515
516
521
526
561
569
585
586
591
605
606
608
614
615
618
632
636
638
644
645
652
658
669
674
692
270
271
278
289
313
322
332
419
428
500
507
519
523
549
561
566
569
570
573
578
585
586
602
603
608
616
618
624
628
629
636
640
642
643
645
647
650
652
659
681
688
690
691
692
693
694
695
723
727
732
734
739
741
746
747
748
749
751
752
753
759
761
762
1859
270
278
289
293
299
323
332
486
500
508
515
516
517
523
551
561
562
564
566
569
570
571
579
580
582
585
603
608
614
616
617
618
623
624
625
627
628
630
632
633
639
643
644
645
647
649
650
651
659
668
678
686
687
688
689
690
691
692
693
694
695
707
708
723
725
732
734
736
740
742
744
745
746
747
749
752
753
754
757
759
760
761
769
772
271
278
289
320
323
332
486
500
508
515
516
517
523
549
561
562
564
569
570
571
580
582
585
588
603
609
613
614
615
617
618
624
625
630
631
632
636
640
643
644
647
652
659
678
681
687
688
690
691
702
704
707
708
723
724
727
728
729
730
732
734
735
736
740
742
744
745
746
747
748
752
754
758
760
761
762
763
805
809
818
1859
1861
271
275
289
320
323
332
486
500
515
516
517
549
564
569
570
571
579
580
613
614
615
617
630
631
632
647
650
653
659
664
665
678
681
683
689
692
703
704
707
715
716
717
718
721
722
727
730
735
736
739
742
746
747
749
751
762
763
771
773
802
813
814
817
888
1859
1861
270
278
289
320
323
332
416
428
486
494
500
515
516
517
561
569
571
580
608
624
625
629
630
631
639
652
659
664
665
674
681
683
696
697
698
701
703
704
707
710
715
716
718
724
727
728
741
742
746
747
748
749
760
762
763
771
803
805
807
808
809
813
815
816
818
819
888
1862
1863
1868
271
278
289
323
332
428
456
486
513
515
516
519
525
549
553
561
569
571
579
602
608
617
618
619
629
631
633
641
643
647
650
659
674
680
694
697
698
700
701
702
703
710
715
721
726
728
733
737
742
744
746
748
751
762
763
767
779
795
803
805
810
812
813
814
817
819
833
845
851
888
1862
1868
271
323
428
456
486
507
515
516
549
569
570
571
582
602
608
618
624
629
632
641
643
647
652
659
674
680
681
683
692
697
698
701
703
704
715
717
726
728
733
742
743
746
749
762
768
769
772
773
794
800
803
804
805
807
810
813
815
817
819
833
835
847
1862
289
412
486
494
501
507
515
516
524
525
549
560
561
571
608
627
629
630
641
643
657
680
682
683
697
699
702
703
715
716
721
730
732
733
744
746
748
749
750
760
766
768
769
770
771
773
774
776
795
800
804
805
806
812
814
816
817
818
832
833
835
847
851
863
868
1860
1863
1864
1865
275
332
456
486
495
500
515
516
524
525
561
571
608
618
619
629
631
643
649
652
665
681
683
699
701
718
719
720
729
743
746
750
767
770
773
774
775
776
777
780
781
782
794
795
797
798
800
802
804
806
810
811
813
814
816
817
824
832
835
837
863
865
888
890
1860
1862
1863
1864
1865
1866
278
323
327
486
500
515
516
549
569
571
608
617
627
629
630
635
643
659
665
681
701
721
725
726
727
729
743
746
748
750
767
773
774
775
777
780
794
797
798
802
804
805
806
807
810
811
817
819
824
825
828
829
830
832
837
865
868
875
885
889
890
892
908
1860
1862
1864
1867
275
289
323
327
456
494
515
516
525
549
561
570
571
582
608
617
627
629
630
631
639
641
643
649
659
664
681
683
694
697
702
717
718
720
721
727
730
732
747
748
758
764
769
770
772
773
775
776
777
781
782
794
798
799
804
807
808
812
817
826
828
829
830
831
834
835
837
851
853
857
864
865
866
867
868
869
870
873
874
881
890
891
892
894
908
1860
1866
1868
1870
286
323
327
494
515
524
561
571
582
608
617
630
631
641
659
664
681
697
703
715
718
720
727
738
739
747
755
766
772
773
776
778
781
782
787
796
799
805
806
808
817
818
822
825
826
828
831
835
851
857
862
863
864
866
871
875
876
877
889
890
891
894
897
976
1860
1864
1866
275
323
327
494
515
516
525
571
617
626
629
633
636
641
643
659
681
697
702
703
714
718
720
727
728
747
764
766
767
776
778
788
789
794
802
810
812
816
818
822
827
831
835
837
851
857
868
869
870
871
873
874
876
881
882
883
887
891
894
976
1862
1865
1866
1867
1870
327
494
501
515
516
571
617
618
629
632
633
664
680
681
697
702
703
709
714
718
727
731
738
758
764
775
778
789
796
802
807
811
812
822
826
829
834
837
852
853
854
855
857
858
859
860
861
867
870
874
875
876
882
883
885
887
890
891
893
894
895
976
1865
1866
1867
13
456
486
515
516
617
635
681
702
709
711
712
713
718
730
732
738
747
758
778
782
783
787
788
789
790
791
799
810
811
816
822
825
826
829
834
840
841
845
850
851
852
856
857
860
861
878
885
886
890
891
894
895
924
976
1862
1866
1867
1870
327
494
499
516
566
571
681
682
704
709
712
713
718
731
733
738
766
782
787
789
790
796
799
810
811
818
826
829
838
840
842
845
850
851
856
857
862
879
880
882
887
890
891
899
924
976
1862
1870
456
502
515
623
664
681
682
702
711
718
727
748
782
783
791
793
796
829
834
838
839
842
843
845
846
855
858
859
860
862
879
880
881
882
886
890
891
896
897
898
899
911
912
928
938
1869
1870
1872
327
456
475
513
560
561
571
617
639
702
711
748
758
783
793
827
838
839
841
843
858
867
900
907
912
920
924
925
929
930
931
932
933
1870
1872
327
456
494
513
516
571
632
639
676
702
739
782
810
818
834
842
846
867
878
898
899
900
907
909
923
924
925
929
930
933
1869
1872
504
516
560
648
702
745
755
790
791
810
834
846
858
862
878
886
899
903
910
922
926
930
931
932
940
327
504
785
827
844
848
908
911
919
922
923
926
935
938
940
1869
483
494
767
784
785
790
836
904
905
909
915
917
919
945
327
483
560
595
784
823
854
896
904
905
914
916
917
918
920
934
936
938
943
944
790
836
904
905
911
913
914
915
916
943
944
945
494
784
849
893
896
911
913
914
918
931
934
33
494
784
790
849
893
903
914
917
854
904
914
937
942
944
1080
1811
767
784
808
918
938
943
1827
917
918
940
942
960
884
902
918
927
958
960
792
918
927
884
1080
784
901
902
910
917
958
992
1809
12
13
17
756
901
956
960
1019
1023
1822
1824
1825
1827
13
33
901
917
927
941
952
956
958
962
988
1019
1023
1080
1814
1823
1824
1825
1826
1918
33
43
872
884
917
947
952
956
973
975
977
978
979
980
988
992
1002
1811
884
927
947
975
977
978
979
980
988
990
993
1809
1811
1814
1822
13
17
21
27
31
33
34
37
39
45
47
69
110
756
872
921
927
941
955
958
961
962
963
967
972
974
981
982
983
985
986
989
994
995
996
997
998
999
1000
1004
1005
1006
1007
1008
1010
1016
1019
1020
1065
1077
1166
1809
1810
1811
1812
1816
1817
1823
1826
1827
1918
13
26
44
45
47
110
872
884
921
927
947
955
957
961
967
972
974
983
984
986
989
996
997
998
999
1006
1007
1008
1022
1077
1201
1809
1810
1813
1815
12
69
921
956
962
974
975
982
984
998
1008
1009
1083
1809
1816
12
13
21
39
42
44
76
948
953
954
956
958
963
970
972
974
982
984
993
997
1001
1005
1021
1813
12
31
42
45
954
957
958
959
972
974
982
984
987
989
992
996
997
1001
1002
1006
1008
1009
1014
1021
1083
1818
1
4
12
13
17
27
32
34
35
37
40
41
45
110
921
941
947
948
953
956
959
964
967
968
972
974
982
985
989
997
1000
1005
1011
1012
1013
1014
1021
1166
1732
1811
1815
1817
1831
1832
1
2
4
17
27
31
32
33
34
35
36
37
39
40
41
44
45
47
69
76
927
948
953
958
959
961
963
964
965
967
968
969
970
972
981
985
987
997
1000
1003
1004
1005
1006
1007
1008
1010
1011
1012
1013
1020
1166
1732
1810
1812
1813
1815
1817
1818
1821
1823
1827
1830
1918
4
5
13
17
24
27
30
33
37
39
43
45
927
951
953
961
963
964
969
972
973
987
995
997
1003
1005
1016
1019
1020
1022
1023
1064
1079
1085
1100
1131
1166
1732
1809
1811
1812
1816
1821
1826
1827
1830
1831
1832
1835
1875
13
24
33
37
756
927
947
951
953
964
967
991
996
1015
1018
1022
1026
1066
1070
1071
1072
1073
1074
1076
1078
1083
1086
1097
1131
1136
1166
1203
1204
1207
1208
1209
1212
1809
1811
1832
1873
1875
13
23
33
784
791
904
927
941
946
947
953
960
964
965
966
990
991
993
994
997
1015
1018
1063
1064
1066
1067
1068
1069
1070
1071
1072
1074
1075
1076
1078
1079
1080
1081
1082
1084
1086
1091
1097
1098
1099
1100
1101
1102
1131
1136
1166
1203
1204
1207
1208
1209
1211
1212
1732
1809
1811
1822
1873
1876
26
927
953
966
990
1062
1065
1067
1068
1070
1071
1073
1074
1075
1084
1086
1088
1090
1091
1100
1101
1102
1134
1166
1204
1205
1266
1732
1811
1874
5
13
26
33
756
854
896
941
946
947
949
950
953
958
960
966
976
993
994
997
1023
1037
1060
1063
1069
1074
1075
1078
1082
1084
1088
1090
1091
1101
1103
1108
1109
1110
1111
1112
1113
1136
1165
1166
1203
1205
1208
1211
1732
1876
13
23
494
756
791
810
854
896
918
927
936
939
941
964
966
971
994
997
1026
1037
1060
1063
1065
1069
1070
1071
1074
1075
1078
1079
1082
1091
1092
1093
1095
1101
1102
1104
1105
1106
1107
1108
1109
1110
1111
1112
1113
1121
1123
1134
1135
1136
1137
1151
1166
1208
1211
1216
1243
1244
1811
1822
23
494
705
820
844
870
896
908
918
939
941
947
960
964
966
967
976
997
1017
1067
1068
1071
1075
1081
1084
1093
1094
1095
1099
1101
1103
1106
1119
1121
1124
1125
1127
1133
1134
1135
1136
1165
1213
1215
1216
1217
1218
1243
1244
1732
1819
1835
1873
1874
13
76
494
560
705
801
810
821
823
842
854
870
896
904
908
950
960
967
971
976
991
997
1017
1024
1025
1026
1036
1037
1040
1041
1042
1054
1058
1061
1062
1071
1084
1089
1091
1092
1093
1094
1096
1099
1103
1104
1105
1114
1116
1117
1118
1120
1123
1124
1125
1126
1127
1128
1132
1133
1135
1136
1143
1147
1165
1201
1203
1213
1214
1215
1217
1218
1219
1244
1245
1259
1819
1822
1835
1836
1837
1838
1839
1887
33
494
604
705
733
790
810
820
850
854
877
896
908
918
926
971
976
1017
1025
1026
1028
1029
1032
1035
1036
1038
1040
1041
1042
1050
1051
1052
1054
1055
1056
1057
1058
1059
1061
1062
1069
1071
1079
1084
1085
1087
1091
1093
1096
1103
1104
1107
1110
1111
1112
1114
1116
1117
1118
1119
1121
1123
1124
1125
1126
1128
1130
1148
1165
1201
1206
1213
1214
1215
1217
1219
1225
1234
1238
1239
1241
1242
1243
1245
1246
1248
1259
1263
1264
1341
1833
1834
1836
1837
1839
1871
1883
1887
280
494
604
733
792
810
820
821
843
870
877
880
896
908
926
950
971
976
1027
1028
1030
1031
1032
1033
1035
1036
1040
1050
1051
1054
1056
1057
1058
1059
1061
1077
1081
1084
1085
1087
1097
1104
1110
1114
1120
1124
1129
1130
1145
1147
1148
1149
1150
1151
1165
1173
1199
1206
1214
1217
1218
1219
1220
1221
1223
1224
1225
1228
1229
1230
1231
1233
1234
1235
1236
1237
1238
1239
1242
1243
1245
1246
1249
1263
1264
1267
1820
1833
1834
1835
1836
1838
1871
1877
1878
1880
1881
1882
1883
1886
1890
1912
494
560
604
653
801
810
843
851
870
896
937
950
976
987
1024
1026
1027
1029
1030
1031
1033
1035
1036
1038
1039
1040
1047
1048
1052
1055
1058
1061
1082
1084
1092
1104
1110
1115
1120
1130
1132
1138
1139
1140
1141
1142
1143
1147
1148
1151
1152
1165
1167
1168
1183
1185
1187
1195
1200
1201
1206
1210
1217
1220
1221
1223
1226
1228
1229
1230
1232
1234
1236
1237
1240
1245
1246
1247
1249
1250
1259
1264
1276
1277
1351
1833
1836
1878
1880
1881
1882
1883
1886
1893
1898
1899
26
279
280
494
653
792
801
843
877
896
908
950
976
1024
1027
1028
1031
1035
1036
1039
1040
1043
1048
1050
1051
1052
1058
1059
1081
1084
1089
1092
1120
1122
1129
1139
1141
1142
1143
1144
1146
1148
1149
1151
1153
1165
1167
1179
1183
1187
1195
1197
1198
1199
1200
1213
1216
1217
1221
1223
1224
1226
1227
1228
1231
1239
1240
1244
1245
1246
1247
1248
1249
1250
1253
1257
1259
1269
1273
1277
1281
1319
1341
1351
1833
1836
1869
1878
1883
1893
1894
1898
1899
494
551
560
604
653
705
733
770
801
810
851
862
870
881
896
909
922
949
976
1027
1029
1030
1031
1032
1035
1036
1038
1039
1040
1044
1045
1046
1047
1049
1050
1051
1053
1058
1059
1068
1081
1115
1119
1120
1122
1140
1141
1143
1146
1147
1148
1149
1150
1151
1159
1165
1168
1169
1179
1183
1185
1186
1187
1195
1196
1197
1198
1200
1201
1210
1216
1217
1222
1224
1226
1227
1228
1231
1232
1233
1235
1240
1241
1242
1244
1246
1249
1251
1252
1253
1256
1261
1262
1264
1268
1269
1270
1271
1273
1274
1275
1277
1278
1280
1281
1288
1300
1319
1322
1351
1429
1451
1820
1836
1877
1878
1880
1881
1883
1885
1886
1887
1892
1893
1894
1898
1899
23
26
494
560
604
648
653
733
755
792
810
867
896
909
976
1024
1027
1028
1035
1039
1043
1045
1046
1047
1058
1079
1090
1119
1121
1122
1132
1138
1143
1147
1148
1151
1152
1153
1154
1155
1156
1157
1158
1159
1160
1161
1162
1163
1164
1168
1169
1170
1171
1172
1173
1175
1176
1178
1183
1186
1187
1195
1196
1202
1206
1210
1213
1223
1226
1227
1228
1231
1232
1240
1246
1249
1251
1253
1254
1255
1256
1257
1258
1260
1261
1262
1264
1265
1266
1267
1269
1270
1271
1274
1275
1276
1279
1280
1281
1288
1322
1338
1339
1341
1351
1394
1442
1450
1452
1454
1869
1878
1880
1882
1883
1884
1889
1892
1893
1894
1899
280
494
526
653
702
708
733
810
896
906
909
976
1024
1029
1039
1040
1044
1046
1049
1052
1053
1095
1098
1122
1132
1140
1142
1144
1145
1147
1152
1153
1154
1156
1158
1161
1163
1165
1169
1170
1171
1173
1174
1175
1176
1177
1178
1179
1183
1186
1187
1188
1189
1191
1192
1193
1194
1195
1196
1197
1200
1202
1213
1221
1222
1223
1226
1227
1231
1232
1244
1249
1250
1256
1257
1259
1260
1261
1262
1267
1270
1274
1276
1279
1281
1283
1294
1314
1319
1322
1335
1341
1351
1353
1358
1433
1442
1453
1455
1578
1869
1874
1878
1881
1882
1883
1886
1892
1897
1899
1903
494
604
648
653
733
770
810
823
867
896
906
909
935
950
976
1029
1031
1033
1039
1044
1049
1050
1052
1059
1068
1120
1139
1140
1143
1146
1147
1151
1152
1153
1155
1156
1157
1159
1160
1164
1165
1169
1170
1172
1177
1179
1180
1181
1182
1183
1184
1187
1188
1189
1191
1192
1193
1194
1195
1200
1222
1223
1226
1227
1228
1231
1232
1235
1240
1242
1249
1250
1251
1252
1253
1254
1256
1257
1262
1264
1265
1274
1275
1278
1279
1282
1283
1284
1285
1286
1287
1291
1300
1319
1322
1351
1357
1358
1360
1361
1388
1440
1448
1453
1454
1455
1456
1457
1458
1874
1878
1880
1881
1882
1883
1885
1887
1889
1890
1892
1895
279
494
653
705
733
755
851
867
896
906
908
909
915
935
943
966
976
1027
1029
1031
1032
1034
1036
1039
1044
1048
1050
1051
1052
1053
1058
1068
1089
1112
1132
1139
1140
1143
1146
1147
1148
1151
1152
1156
1169
1171
1172
1173
1175
1177
1179
1180
1181
1182
1183
1184
1185
1186
1187
1189
1190
1192
1194
1196
1200
1202
1210
1213
1226
1227
1231
1232
1240
1249
1253
1256
1259
1262
1265
1267
1268
1272
1274
1275
1276
1277
1279
1282
1283
1284
1285
1286
1287
1291
1299
1300
1312
1317
1322
1326
1328
1329
1333
1338
1339
1340
1341
1342
1343
1351
1352
1353
1356
1358
1360
1361
1382
1388
1408
1415
1429
1448
1449
1450
1451
1452
1453
1454
1455
1456
1457
1458
1579
1878
1879
1881
1883
1884
1886
1888
1889
1890
1894
1895
1897
1899
279
494
602
604
653
733
735
768
811
823
857
896
908
915
922
926
976
1029
1032
1033
1034
1039
1044
1052
1068
1153
1154
1156
1157
1159
1161
1162
1169
1172
1173
1175
1178
1183
1185
1186
1187
1189
1191
1192
1226
1231
1232
1246
1250
1251
1254
1256
1257
1258
1259
1262
1265
1266
1267
1277
1279
1287
1290
1291
1292
1293
1294
1295
1296
1297
1299
1300
1301
1307
1315
1318
1319
1320
1321
1322
1323
1324
1325
1326
1327
1328
1330
1331
1332
1333
1334
1335
1336
1337
1338
1340
1342
1351
1352
1353
1355
1356
1357
1361
1436
1437
1446
1448
1449
1450
1452
1454
1456
1457
1472
1491
1633
1878
1883
1889
1890
1893
1894
1895
1897
1899
1903
279
494
653
720
728
735
755
896
909
915
922
924
928
929
1029
1033
1052
1132
1142
1143
1148
1152
1157
1162
1169
1170
1173
1174
1175
1176
1178
1181
1183
1185
1186
1187
1190
1192
1227
1231
1232
1239
1246
1252
1255
1256
1267
1283
1290
1291
1292
1293
1294
1295
1297
1304
1310
1312
1313
1314
1315
1317
1318
1319
1321
1322
1323
1324
1325
1327
1328
1330
1331
1332
1333
1334
1336
1337
1338
1339
1340
1353
1354
1357
1361
1393
1400
1403
1417
1421
1429
1430
1432
1433
1434
1435
1436
1437
1438
1439
1440
1441
1442
1443
1445
1446
1451
1452
1578
1579
1633
1878
1883
1884
1885
1893
1894
1895
1897
1899
1903
279
283
327
456
494
516
522
552
557
632
660
661
671
735
737
765
831
848
851
862
863
867
898
908
922
924
928
929
936
1029
1058
1059
1081
1132
1135
1143
1146
1148
1159
1169
1173
1178
1180
1187
1222
1226
1227
1240
1246
1255
1259
1268
1272
1276
1288
1291
1292
1296
1298
1301
1303
1304
1305
1306
1307
1308
1309
1310
1312
1313
1314
1317
1320
1329
1330
1332
1337
1338
1340
1343
1344
1345
1346
1347
1348
1349
1354
1380
1382
1397
1399
1403
1404
1407
1408
1409
1410
1411
1412
1413
1414
1415
1416
1417
1419
1420
1421
1423
1424
1425
1426
1427
1428
1429
1431
1433
1435
1436
1438
1439
1441
1443
1444
1445
1446
1451
1457
1458
1471
1472
1474
1490
1491
1495
1504
1521
1532
1533
1540
1545
1574
1575
1576
1577
1578
1579
1580
1616
1645
1676
1878
1879
1882
1884
1890
1893
1896
1897
1898
1900
1902
1905
279
327
456
494
522
552
557
639
649
661
671
720
723
737
755
765
804
831
848
851
867
896
908
909
924
928
929
936
1028
1034
1052
1058
1059
1108
1132
1135
1143
1148
1153
1180
1183
1185
1186
1187
1202
1223
1240
1246
1259
1268
1272
1275
1298
1301
1303
1304
1305
1306
1307
1308
1309
1310
1312
1313
1325
1326
1330
1337
1338
1339
1340
1342
1343
1344
1345
1346
1347
1348
1349
1350
1354
1356
1357
1379
1380
1381
1382
1383
1384
1385
1386
1388
1389
1390
1391
1392
1393
1394
1395
1397
1398
1399
1401
1402
1403
1404
1405
1407
1409
1411
1412
1413
1414
1415
1417
1418
1419
1420
1421
1422
1423
1424
1425
1426
1427
1428
1430
1432
1433
1434
1436
1437
1438
1439
1441
1443
1444
1445
1446
1450
1453
1471
1472
1474
1476
1490
1491
1495
1504
1533
1545
1547
1553
1574
1575
1577
1579
1580
1666
1772
1878
1879
1884
1890
1891
1893
1896
1898
1901
1908
134
264
283
292
304
313
326
327
332
456
494
504
516
545
552
578
590
627
638
649
685
706
719
723
726
765
789
881
908
909
924
929
933
1029
1058
1081
1132
1135
1148
1153
1160
1169
1171
1177
1183
1190
1199
1227
1250
1268
1272
1275
1276
1288
1302
1304
1305
1308
1310
1337
1338
1348
1350
1356
1375
1376
1378
1379
1380
1381
1382
1383
1384
1385
1387
1388
1390
1391
1393
1395
1398
1399
1400
1401
1402
1403
1404
1408
1409
1410
1413
1414
1416
1418
1419
1421
1422
1425
1426
1427
1430
1433
1439
1453
1471
1472
1473
1474
1476
1477
1478
1479
1480
1481
1482
1483
1484
1486
1487
1489
1490
1491
1495
1497
1504
1505
1509
1511
1516
1517
1518
1519
1520
1522
1523
1524
1525
1527
1528
1529
1530
1531
1532
1533
1534
1535
1536
1537
1538
1539
1540
1541
1542
1543
1544
1545
1547
1548
1549
1550
1551
1552
1553
1554
1555
1556
1557
1558
1559
1560
1561
1562
1563
1564
1565
1568
1569
1576
1578
1581
1616
1635
1641
1642
1644
1657
1662
1762
1772
1893
1896
1899
1900
1901
1905
1908
134
283
313
327
456
494
516
545
551
552
561
578
590
611
612
627
638
644
649
654
680
685
706
719
748
765
851
893
897
908
924
928
929
933
1058
1135
1179
1185
1229
1235
1240
1250
1259
1288
1289
1301
1302
1303
1308
1312
1337
1338
1344
1347
1374
1375
1376
1378
1380
1381
1382
1383
1385
1387
1388
1389
1391
1392
1393
1396
1398
1399
1400
1401
1414
1416
1421
1422
1423
1434
1437
1440
1447
1464
1471
1473
1475
1477
1478
1479
1480
1481
1482
1483
1489
1491
1493
1494
1496
1497
1498
1499
1500
1501
1502
1503
1504
1505
1506
1507
1508
1509
1510
1511
1516
1517
1519
1520
1528
1529
1530
1532
1533
1535
1536
1537
1538
1539
1540
1542
1543
1548
1549
1550
1552
1553
1554
1555
1557
1558
1559
1560
1561
1563
1564
1581
1632
1635
1640
1644
1650
1651
1652
1653
1654
1655
1657
1658
1659
1672
1674
1676
1690
1763
1772
1884
1891
1899
1901
1902
1903
1904
1905
1906
1907
1908
28
327
456
494
503
504
551
578
600
611
612
627
638
642
653
654
680
702
706
719
723
737
762
765
776
804
851
897
911
929
933
1029
1045
1050
1114
1132
1135
1185
1197
1201
1231
1235
1259
1264
1272
1289
1296
1303
1308
1318
1322
1338
1341
1355
1357
1359
1362
1363
1364
1365
1374
1375
1377
1380
1385
1395
1396
1404
1407
1421
1422
1442
1450
1453
1464
1466
1487
1498
1499
1500
1503
1506
1507
1508
1509
1510
1518
1524
1531
1533
1534
1540
1541
1545
1551
1556
1562
1567
1568
1569
1570
1571
1572
1573
1574
1631
1633
1653
1658
1659
1660
1661
1662
1663
1664
1756
1761
1865
1879
1885
1890
1891
1896
1899
1901
1902
1904
1906
1915
1916
28
194
327
391
456
494
504
506
532
551
561
578
600
602
611
612
639
649
653
654
685
700
706
719
723
728
729
737
748
762
765
804
812
823
841
897
924
929
1029
1045
1047
1050
1132
1135
1144
1153
1171
1185
1202
1231
1259
1264
1275
1276
1302
1308
1322
1327
1363
1364
1365
1374
1377
1380
1392
1400
1421
1423
1430
1447
1450
1453
1464
1466
1471
1472
1483
1484
1486
1487
1492
1493
1494
1499
1500
1502
1508
1509
1512
1513
1514
1515
1518
1522
1523
1525
1527
1529
1533
1540
1542
1546
1554
1564
1566
1567
1568
1569
1570
1571
1572
1573
1616
1620
1633
1636
1637
1638
1643
1649
1650
1651
1652
1653
1654
1655
1659
1660
1661
1662
1663
1664
1672
1756
1762
1771
1888
1898
1904
1906
1908
1911
1915
22
28
134
194
268
313
314
327
332
391
456
494
504
506
519
522
545
561
578
590
600
602
611
635
649
653
654
659
662
680
685
706
719
740
748
765
766
786
804
806
812
871
908
924
929
933
1044
1144
1171
1185
1201
1229
1257
1259
1272
1288
1302
1304
1318
1319
1322
1338
1362
1363
1373
1374
1383
1387
1388
1404
1406
1407
1416
1421
1422
1423
1435
1452
1464
1465
1466
1467
1468
1469
1470
1471
1478
1484
1487
1491
1492
1493
1494
1496
1498
1499
1501
1505
1506
1507
1509
1510
1512
1513
1514
1515
1516
1518
1519
1521
1526
1527
1529
1531
1532
1533
1539
1540
1542
1546
1548
1549
1552
1555
1560
1563
1564
1565
1568
1569
1572
1573
1581
1616
1627
1630
1631
1632
1633
1634
1635
1636
1637
1638
1639
1641
1643
1644
1645
1649
1651
1652
1655
1659
1662
1663
1667
1672
1673
1674
1676
1677
1678
1679
1680
1681
1682
1683
1684
1685
1686
1687
1688
1692
1715
1756
1758
1761
1768
1769
1770
1771
1772
1781
1796
1883
1884
1890
1891
1894
1897
1899
1900
1903
1905
1906
1908
1910
22
28
134
266
268
327
391
398
453
456
494
503
504
545
561
590
594
600
602
611
612
653
654
659
706
723
728
750
765
779
786
924
1058
1059
1114
1135
1141
1144
1171
1179
1185
1192
1201
1202
1227
1272
1276
1284
1302
1317
1319
1322
1339
1359
1362
1363
1378
1385
1386
1388
1393
1400
1406
1413
1421
1423
1436
1437
1459
1460
1461
1462
1463
1464
1466
1467
1468
1470
1471
1478
1479
1480
1484
1487
1488
1493
1496
1499
1500
1503
1507
1510
1511
1513
1516
1526
1528
1529
1532
1533
1542
1546
1548
1549
1555
1560
1561
1563
1566
1567
1568
1569
1570
1573
1576
1608
1616
1620
1621
1631
1632
1633
1640
1641
1643
1651
1652
1653
1654
1656
1657
1659
1663
1672
1673
1674
1675
1677
1678
1683
1692
1756
1758
1759
1760
1761
1762
1763
1765
1766
1767
1769
1770
1771
1772
1773
1795
1796
1797
1798
1800
1868
1879
1882
1884
1888
1891
1894
1905
1906
1907
1910
1914
22
28
134
268
313
314
321
326
327
358
385
391
408
417
449
455
456
494
540
543
561
578
590
594
600
602
637
649
653
654
659
671
695
706
719
723
750
754
765
786
806
1050
1059
1141
1144
1153
1185
1312
1322
1339
1359
1362
1363
1372
1374
1385
1387
1388
1391
1406
1421
1423
1452
1459
1460
1461
1462
1463
1464
1468
1469
1471
1473
1475
1481
1484
1488
1493
1494
1499
1500
1501
1506
1507
1512
1513
1516
1517
1518
1520
1524
1529
1533
1539
1540
1541
1542
1548
1549
1552
1555
1560
1562
1563
1566
1568
1569
1581
1611
1615
1616
1617
1619
1620
1621
1624
1630
1633
1634
1635
1636
1638
1639
1640
1641
1642
1643
1644
1645
1646
1647
1648
1649
1652
1653
1654
1663
1665
1666
1667
1668
1669
1670
1671
1672
1673
1675
1677
1679
1680
1681
1682
1684
1685
1686
1687
1688
1692
1715
1756
1759
1760
1761
1762
1763
1765
1766
1767
1771
1777
1781
1782
1791
1793
1794
1795
1796
1797
1799
1800
1801
1868
1883
1884
1888
1890
1891
1892
1897
1903
1905
1906
1907
1908
1910
1914
22
28
134
194
266
283
294
313
314
327
353
356
391
417
432
456
536
542
543
558
561
590
594
611
649
653
654
671
706
728
754
776
786
922
1046
1135
1144
1185
1188
1259
1304
1350
1359
1363
1372
1391
1393
1406
1421
1423
1449
1453
1460
1461
1465
1471
1472
1479
1484
1485
1488
1516
1517
1524
1525
1528
1529
1533
1544
1548
1549
1550
1552
1553
1570
1611
1612
1613
1614
1615
1619
1622
1626
1627
1628
1629
1633
1638
1646
1647
1648
1656
1669
1670
1676
1677
1680
1687
1692
1741
1756
1760
1761
1763
1764
1765
1766
1768
1769
1771
1773
1781
1793
1794
1796
1798
1799
1868
1888
1891
1892
1900
1906
1910
1911
1912
11
22
28
29
167
194
260
268
283
294
314
317
327
353
356
456
475
507
543
544
561
578
611
653
654
671
692
723
728
765
922
924
1135
1176
1275
1311
1312
1366
1367
1368
1369
1370
1371
1372
1383
1404
1405
1406
1421
1423
1465
1479
1485
1488
1492
1508
1511
1514
1517
1529
1533
1535
1548
1549
1568
1581
1611
1612
1613
1614
1615
1617
1618
1621
1622
1623
1624
1625
1626
1627
1628
1633
1635
1636
1639
1640
1644
1645
1648
1649
1656
1665
1667
1668
1670
1671
1676
1677
1680
1682
1687
1689
1690
1691
1692
1693
1711
1714
1715
1756
1760
1761
1762
1764
1781
1786
1789
1791
1792
1793
1795
1868
1888
1894
1908
1909
1910
1912
11
22
28
61
168
176
260
314
317
327
328
356
381
395
425
456
467
489
561
608
649
653
671
924
1135
1185
1311
1316
1359
1366
1368
1369
1371
1373
1377
1401
1420
1421
1423
1459
1485
1488
1496
1500
1509
1511
1513
1514
1524
1529
1532
1533
1548
1549
1551
1555
1603
1604
1612
1614
1615
1618
1621
1622
1623
1624
1625
1627
1628
1629
1634
1636
1638
1641
1642
1645
1663
1668
1669
1677
1687
1689
1691
1692
1709
1711
1714
1715
1717
1741
1746
1750
1757
1759
1760
1761
1763
1764
1766
1773
1777
1778
1779
1780
1781
1782
1783
1785
1787
1788
1789
1790
1800
1805
1858
1891
1909
1912
1913
1914
1915
22
28
51
174
193
206
260
317
319
328
356
381
391
439
456
489
553
578
671
696
761
765
1137
1306
1316
1322
1370
1397
1398
1423
1482
1488
1493
1496
1509
1529
1533
1549
1586
1592
1603
1605
1606
1607
1609
1610
1615
1618
1621
1626
1632
1665
1674
1690
1691
1692
1693
1703
1709
1712
1713
1714
1715
1717
1718
1719
1720
1721
1722
1724
1727
1728
1729
1730
1733
1743
1746
1751
1753
1754
1755
1756
1757
1759
1761
1763
1764
1778
1781
1786
1789
1790
1792
1888
1891
1894
1909
1913
1914
1917
50
168
174
184
193
206
246
260
267
282
294
328
353
422
439
456
467
489
572
578
586
593
662
1143
1312
1322
1332
1367
1373
1394
1397
1399
1463
1478
1493
1509
1511
1526
1528
1530
1548
1582
1583
1584
1585
1586
1587
1588
1589
1590
1591
1592
1593
1594
1595
1596
1597
1598
1599
1600
1601
1603
1604
1606
1608
1610
1615
1629
1632
1640
1656
1666
1670
1680
1683
1691
1693
1694
1701
1702
1703
1704
1705
1706
1707
1708
1712
1714
1715
1717
1720
1721
1722
1723
1724
1725
1726
1728
1729
1732
1733
1734
1740
1742
1745
1746
1747
1761
1766
1773
1776
1780
1784
1785
1786
1787
1788
1789
1790
1792
1802
1806
1891
1912
1914
1916
1917
22
28
51
168
174
184
193
208
267
308
315
328
341
353
366
381
391
396
422
456
489
507
536
583
586
593
625
649
1143
1275
1306
1322
1326
1366
1373
1377
1397
1403
1431
1460
1493
1507
1511
1548
1582
1583
1584
1586
1587
1589
1590
1591
1592
1593
1594
1595
1596
1598
1599
1601
1603
1604
1605
1607
1608
1609
1615
1621
1666
1691
1692
1693
1694
1695
1696
1697
1699
1700
1701
1702
1703
1704
1705
1708
1710
1713
1714
1715
1716
1717
1718
1719
1720
1721
1725
1726
1727
1728
1729
1730
1731
1734
1737
1746
1747
1750
1753
1754
1755
1760
1761
1766
1775
1778
1780
1781
1783
1784
1787
1789
1790
1801
1802
1803
1912
1914
1916
1917
11
22
28
50
51
61
63
168
174
184
193
208
260
282
315
328
341
353
356
399
456
467
468
489
536
559
586
591
924
1366
1367
1373
1399
1493
1511
1583
1585
1586
1587
1588
1589
1591
1596
1597
1599
1600
1601
1602
1603
1606
1618
1624
1625
1626
1666
1689
1690
1695
1696
1697
1698
1699
1700
1704
1705
1706
1707
1714
1715
1719
1720
1725
1729
1734
1735
1736
1737
1738
1739
1741
1742
1743
1744
1746
1747
1748
1749
1751
1755
1761
1774
1779
1781
1785
1789
1802
1803
1804
1806
1913
22
61
63
167
168
171
193
208
233
245
341
346
353
393
420
452
456
468
489
529
536
578
924
1303
1478
1521
1539
1549
1556
1582
1597
1602
1608
1609
1615
1630
1689
1702
1710
1715
1719
1721
1723
1725
1732
1735
1738
1739
1740
1741
1743
1744
1745
1748
1752
1753
1761
1767
1776
1778
1795
1802
1803
1804
1911
1914
1916
22
28
51
61
63
109
126
160
168
171
174
184
237
308
341
346
356
478
529
531
536
578
599
1511
1524
1549
1582
1591
1602
1603
1606
1616
1618
1627
1628
1635
1647
1693
1698
1714
1716
1731
1736
1739
1740
1744
1749
1750
1752
1754
1760
1773
1774
1775
1776
1782
1802
1803
1805
1913
1916
1917
