6461
789
791
806
863
1108
3227
3467
3470
3483
4888
4973
5115
4700
5148
5170
5195
1365
1610
1633
1168
2257
2474
1431
1010
1014
1054
2192
2870
4022
2004
8
61
108
188
196
203
319
346
497
520
550
632
668
684
1308
761
2357
2370
2377
4747
4765
3677
3716
4476
5414
5384
5402
5296
5314
5509
4589
4595
4610
4622
4660
4695
3858
2410
2437
1925
1932
1939
2624
2636
3288
3322
2699
2706
5588
5591
5604
6511
6529
6533
6535
6550
5657
5677
5683
5705
6893
6685
6698
6365
6373
6401
6447
5737
5764
5962
5983
6021
6039
5921
5923
4076
4035
5358
4511
4560
6979
6988
8498
8499
8504
8505
8755
8783
8804
8834
9113
9135
9681
9682
9741
9602
9256
9285
9350
9390
9448
9450
6561
6562
6602
6618
7238
7277
7311
7333
7346
7380
9071
8695
8739
8349
8381
8453
8059
8128
8130
8141
7164
6125
6135
6717
6739
6764
6771
6253
6257
6271
6317
6779
6845
6909
6921
6942
7053
7084
7099
7102
7456
7464
7512
7520
7536
7594
7612
7618
7631
7641
7799
7802
7813
7840
7858
7882
11697
11699
11708
11711
11713
11186
11190
11192
11318
11462
11470
11471
11473
11837
12279
10814
10820
10423
10439
11067
11073
11074
11075
10489
10491
10499
10503
10508
9488
9508
9961
9984
8661
8667
8691
7964
7979
7981
7984
7999
8007
7704
7719
10095
10099
10246
10368
10378
10612
10628
10640
10649
10656
10673
10789
8181
9625
9628
9668
9675
9195
8962
9877
9198
9228
9890
9902
9905
9930
9945
9950
9953
12502
12508
12513
12660
16090
16099
16110
16114
15689
15697
15710
15728
15730
16576
16604
16608
16623
16629
16639
16642
16395
16414
16425
16426
16427
16434
16437
16440
16445
14651
14663
14664
14668
14674
14695
14698
14727
14844
14467
14469
14514
14528
13886
13887
13890
13892
13901
13902
13907
13920
13922
14859
14860
14862
14863
14864
14874
14875
14892
14904
14905
15468
15324
15327
15340
15345
15355
15361
15383
12293
12307
12313
12318
12344
12366
12370
11621
11628
11640
11657
10683
10691
10692
10933
10947
12560
12590
12745
12752
12757
12785
12787
12789
12790
12797
12799
12811
12826
12828
12848
12853
11583
11592
11613
11615
12376
12389
12403
12415
12523
11907
11923
11932
11945
12060
12071
12083
12108
12122
12147
12157
12158
12167
12168
12169
12183
12184
12187
11866
11868
11876
11893
11332
11337
11342
11343
11350
11365
12934
12939
12941
12959
12973
12989
12998
12999
13002
13059
13423
13812
13814
13818
13828
13834
13856
13868
13871
13990
13600
13604
13605
13609
13612
13617
13627
13628
13639
13645
13655
13659
13662
13663
13665
13667
13668
13670
13671
13489
13496
13528
13535
13547
13571
13584
13593
13317
13339
13341
13347
13349
13353
13360
13365
13368
13385
13404
13409
13140
13156
13159
13167
13171
13181
13182
13188
13189
13193
13195
13196
13201
13204
13209
13216
14303
14304
14325
13999
14030
14062
14063
14066
14097
26798
14410
14411
14421
14437
14439
14444
14445
13682
13686
14225
16840
16842
16845
16852
16861
16873
17369
17395
17915
17916
17919
17922
17932
17948
17974
17980
17982
17988
17990
17991
17137
17139
17144
17145
17165
17174
17199
17203
17206
17214
17216
17218
17235
15746
15755
14248
14288
14291
14301
14608
14612
14613
14636
14639
15480
15491
15493
15497
15498
15499
15524
15529
15530
15564
15893
15901
15914
15948
15951
15955
15956
15959
15972
15987
16567
15120
15171
15179
16453
16477
16489
16491
16495
16503
16967
16969
16981
17002
17007
17018
17022
17023
17045
17047
16746
16749
16752
16760
16762
16794
16801
16811
16823
16649
16661
16669
16670
16672
16674
14922
14934
14939
15053
15056
15065
15069
15102
15108
18398
18411
18412
18425
18120
17556
17564
17590
17595
18314
18323
18324
18353
18506
17341
17342
17343
17359
15272
15295
15304
19004
19035
19151
19074
19085
19086
20015
20075
20080
18123
18124
18131
18135
18140
18142
18145
18153
18166
18177
18205
18211
18214
18216
18226
18516
18525
17666
17673
17676
17677
17692
17698
17709
17710
17712
16121
16145
16150
16151
16152
16160
16163
16167
16176
16177
16183
16185
16186
16188
16192
16221
16262
17749
17751
17771
17773
17774
17496
17506
17542
17543
17545
19520
19535
19550
19409
19411
19412
19440
19282
19293
19296
19297
20956
20990
20695
20728
20729
20738
20240
20001
20002
18613
18621
18624
18632
23742
23744
23754
23778
23785
22386
20283
20323
20327
20355
21621
19834
19838
19853
19867
19869
19878
19887
19888
19889
19765
19772
19774
19777
19806
19809
18771
18773
18797
18854
18861
18962
18975
18980
18727
18733
18746
18750
19343
19346
19348
19359
19360
19361
19374
19573
19583
19586
19596
19607
19610
19655
19657
19667
19670
21659
21671
21819
21864
21888
21896
21922
21927
21929
21938
21965
22423
22441
22448
22453
22493
22505
22514
22515
24896
24952
24956
24293
24318
24366
24368
24375
24626
24628
25191
22089
22129
22136
22148
22153
22197
21370
21413
21136
20889
20893
20899
20923
20630
20459
20527
20530
20539
20850
20628
20092
20103
20111
20116
20651
20682
23117
23119
23126
23143
22612
22613
22621
22642
22658
22666
22668
22688
21436
21464
21481
21182
22228
22229
24172
24174
24179
24183
24190
24193
23624
23943
23947
23964
23969
24024
24026
24030
23795
23811
23826
24081
24261
23511
23632
23639
23660
23676
23692
22844
22849
22873
22881
22884
22917
22922
22924
22930
22987
23000
22838
23212
23251
23253
24451
24462
24489
23376
23379
23387
23430
23433
23434
23438
23444
22696
22697
22700
22704
22709
22725
22730
22739
24730
24744
24794
25262
25976
26002
26018
26021
26041
25327
25094
25109
24503
24515
24557
24591
27455
26883
26901
26969
26977
27656
26185
25494
25536
25826
25647
25674
25739
25744
27251
25931
25370
25371
25394
25397
25456
27136
26411
26424
26429
26437
26453
26454
28690
28318
27532
27036
27047
28882
30751
31273
31290
28970
30674
32691
34633
33978
34083
33575
32931
32954
32744
35158
35522
35712
39879
39883
38541
42889
42756
42779
42834
42582
35912
35929
36149
35971
37374
37596
37528
37578
37281
36431
39107
39134
41003
39623
40070
39694
38666
39473
39320
39079
38118
38181
38212
40757
40847
40512
40609
41092
41038
41056
42510
42571
42012
41245
41675
39915
40662
41410
40376
43647
43716
43582
43939
43202
43224
40933
45244
45263
45350
44107
43011
44424
45010
50783
50785
50930
50931
50934
50937
50938
50941
50960
50964
50980
50984
50665
50667
50672
50678
50709
50721
50333
50336
52158
52163
52167
51576
51588
51595
51008
51010
51029
51040
51044
51049
51074
51076
51082
51085
49897
49919
48494
48521
45788
45855
48803
49171
49190
49194
49206
48554
48568
49247
49264
49271
48452
44748
46917
47240
47674
47745
47559
46141
45871
46371
47433
47439
48203
48024
49489
49511
50057
50082
50095
50109
50115
49011
49040
49329
49377
49398
49424
49429
50033
50042
50043
49765
49769
49773
49775
49783
49784
49792
50638
50641
50653
50659
50355
50356
50362
50363
50364
50375
50389
50429
50430
50431
50453
50481
50917
50127
50144
50161
50172
50245
50256
50263
51686
51694
51700
51709
51716
51750
51885
51891
51907
51393
51428
51458
51459
51478
52393
52396
52398
52411
52420
52425
52427
52428
52431
52443
52444
52445
52454
52079
52085
52110
52118
52544
52545
52550
52580
52583
52589
52597
52599
52626
52628
53000
53008
53017
53030
53036
53048
53068
52795
52812
52824
52862
52866
52731
52737
52765
52772
51770
51934
51950
51954
51998
52003
52030
52045
48812
48816
48827
48835
48853
48859
48873
48901
48934
48970
50323
50531
50535
50546
50568
50588
51231
51252
51258
51266
51269
51273
51276
51279
51298
51307
51309
51317
51319
51329
51336
51346
51347
51349
51366
51371
51086
51096
51102
51107
51130
51146
51149
51151
51609
51625
51637
51638
52183
52199
52202
52464
52466
52471
52483
52484
52526
52531
52537
52542
51187
52373
52375
52310
52313
52319
52329
52336
52260
52262
52265
52268
52273
52276
52279
52288
52299
52301
52305
52933
52935
52938
52955
52974
52976
52233
53387
53407
53408
53423
53424
53430
53439
53441
53446
53947
53166
52917
54073
54081
54087
54088
54089
54090
54092
54097
54106
54112
54123
54124
53662
53664
53675
53692
53703
53456
53459
53461
53463
53465
53467
53470
53506
53511
53513
53515
53520
53521
53533
53540
53542
53548
53560
53570
53609
53229
53242
53246
53250
53309
54003
54005
54015
54023
54025
54029
54050
54269
53311
53317
53318
53319
53338
53341
53342
53092
53095
53103
53104
55490
55500
55502
55510
57265
57292
57297
57307
57314
57318
57326
54549
54551
54553
54557
54559
54563
54280
54285
54287
54288
54295
54304
54305
54314
54316
54320
54325
54342
54343
54352
54354
54356
54357
54359
54377
54387
54396
54402
54403
54421
54431
54434
54445
54461
54142
54157
54161
54164
54165
54166
54167
54168
54169
54178
54189
54190
54193
54194
54203
54213
54221
54224
54230
54233
54240
54245
53733
53734
53746
53764
53773
53798
53808
53810
53816
53824
53826
53830
53835
53842
53866
53878
53895
53896
53903
53168
53171
53188
53191
53197
53205
53214
53221
52918
52922
52924
56233
56252
56257
56260
56261
56269
56120
56139
56152
56169
56170
56171
56188
56197
54543
54492
54494
54516
54778
54789
54798
54799
54805
54815
54820
54828
54830
54834
54850
54875
54896
54897
54900
55778
55796
55800
55827
54927
54931
54939
54959
54962
54970
54971
54993
54995
55016
55048
55051
55052
55054
55066
55092
55720
55740
55746
55760
54653
54661
54663
54669
54672
54673
54683
54685
54695
54698
54700
54707
54719
54732
54738
54746
54748
54749
54752
54754
54757
54758
54570
54572
54576
54577
54582
54586
54587
54590
54600
54601
54603
54604
54607
54608
54613
54615
54618
54621
54622
54625
54629
54631
54632
54633
54635
54637
54642
54643
55374
55401
55407
55410
55415
55455
55461
55481
53959
53961
53962
53969
53974
53976
53980
56612
58430
58436
58441
58442
58460
58461
58481
58487
58490
58493
58505
58506
58507
58509
58514
58515
58530
58544
58545
58547
59235
57939
57944
57957
57966
57983
57984
57987
57998
57040
57089
57102
57144
56782
56788
56835
56841
56862
56892
56893
56907
57373
57383
57385
57417
57424
57016
57020
56024
56026
56030
56039
56041
56052
56053
56055
56063
56074
56076
56088
56091
56113
56684
56687
56690
56705
56707
55109
55114
55118
55135
55139
55141
55172
55208
55214
55219
55292
55295
55332
55342
55346
55354
56620
56625
56630
56640
56643
56649
56665
55931
55942
55945
55948
55949
55957
55965
55974
55976
55993
55995
56001
56009
56011
56013
56015
56017
57472
57518
57521
57532
57572
57577
58604
58622
58651
58652
58662
58677
58341
58349
58360
58371
58388
58406
58407
58421
57857
57875
57882
58077
58085
58100
58106
58111
58120
58141
58177
58180
58182
58187
58192
58197
58212
58213
58216
58218
58239
58246
58259
58264
58276
58277
58835
58853
58858
58862
58865
58888
58926
58940
58955
58992
59006
59033
59085
59090
59091
59616
58002
58006
58018
58020
58027
58069
57623
56386
56387
56397
56440
56477
56481
56491
56508
56522
56524
55910
55911
55918
55640
55676
55697
59637
58721
59468
57635
57638
57639
57648
57676
57701
57723
57748
57761
57773
57791
57807
57813
57822
56733
56735
56768
56770
56315
56327
56328
56337
56350
56368
56372
60167
59292
59325
60328
61464
65052
69862
69675
73543
75549
77215
78764
81439
79155
78964
78976
80644
82331
84180
83963
85514
85527
85399
85279
86045
85188
107354
116486
121552
123357
123358
126235
126325
123313
125088
125417
126371
126376
107069
106361
2520
3609
3610
7144
7913
9523
10756
11266
11494
12709
12887
13118
13731
15234
16531
17277
18244
20161
20371
20767
21042
21700
21755
22025
23596
23894
23907
24095
24699
25291
25560
48757
49116
49123
50004
51552
51866
51874
52354
52357
52690
52906
53358
53360
53369
53371
53357
53355
53380
53633
53636
53632
53163
53932
53935
53936
54541
54917
55247
55252
55256
55257
56216
56212
56596
56595
56218
56937
57240
57610
57901
57916
57918
57923
59439
59716
85356
